0.000000000000000 
0.000000000000000 
0.000000000000000 
0.000000000000000 
0.000000000000000 
0.000000000000000 
0.000000000000000 
0.000000000000000 
0.000000000000000 
0.000000000000000 
0.000000000000000 
0.000000000000000 
0.000000000000000 
0.000000000000000 
0.000000000000000 
0.000000000000000 
0.000000000000000 
0.000000000000000 
0.000000000000000 
0.000000000000000 
0.000000000000000 
0.000000000000000 
0.000000000000000 
0.000000000000000 
0.000000000000000 
0.000000000000000 
0.000000000000000 
0.000000000000000 
0.000000000000000 
0.003483857970811 
0.024831442520629 
0.051180317428047 
0.083560800547818 
0.123207131487990 
0.172734432269438 
0.244978815991505 
0.336072973109542 
0.446662710413893 
0.581630556104827 
0.753129376288392 
0.960415097691339 
1.208739137820407 
1.511347285005582 
1.871755365062783 
2.299307194843863 
2.804791899371853 
3.396951689285524 
4.088911491246963 
4.890907737970927 
5.815602327153928 
6.875389390328391 
8.083855779730865 
9.455351867523406 
11.005320886874015 
12.750970112257583 
14.709920422363311 
16.901249498223418 
19.345691113702333 
22.065714949132744 
25.085595566059503 
28.431479054264397 
32.131452992895149 
36.215622925236445 
40.716196649161304 
45.667576360522041 
51.106458135857828 
57.071938125727726 
63.605624117681700 
70.751751120467659 
78.557300310145237 
87.072121137544414 
96.349056676044100 
106.444072450473485 
117.416389039825617 
129.328618720140298 
142.246906345416875 
156.241074584829306 
171.384773564104535 
187.755634904910607 
205.435430112960802 
224.510233215648270 
245.070587446616855 
267.211675589556307 
291.033493137080029 
316.641022216858801 
344.144401890456265 
373.659089903208724 
405.305994945442535 
439.211552033161865 
475.507679606275019 
514.331507747945466 
555.824679073795437 
600.131876380424387 
647.398019220501396 
697.763095414538498 
751.352838830499195 
808.261307788977092 
868.515179408827862 
931.988098622201051 
998.007159441589010 
0.679956303002617 
0.679956303011853 
0.679956304184795 
0.679956323201227 
0.679956454321323 
0.679957024546448 
0.679958888424768 
0.679963909050594 
0.679975671808573 
0.680000477421034 
0.680048660876186 
0.680136282860627 
0.680287240417284 
0.680535843741802 
0.680929906382804 
0.681534396723518 
0.682435699634661 
0.683746538793532 
0.685611612611122 
0.688214000304081 
0.691798570004756 
0.696667404568848 
0.703146919397273 
0.711659694827540 
0.722713412539560 
0.736913514790713 
0.754977247910422 
0.777749218013240 
0.806218586430019 
0.841544432971355 
0.885406282120909 
0.939072175688496 
1.004328321730932 
1.083660307317244 
1.179138421333783 
1.294097921128363 
1.431512599811738 
1.595183802243970 
1.788634078589195 
2.016915157321834 
2.285187102987093 
2.598879611626647 
2.964325308552744 
3.388755876605189 
3.879769498063384 
4.445421386441618 
5.094951568928554 
5.838352215070491 
6.686470934890781 
7.651087539054894 
8.744939076933690 
9.981809859017858 
11.376582242787581 
12.945318783607537 
14.705317431330013 
16.675100449745724 
18.874560475889098 
21.325088061763932 
24.049664378086273 
27.072951444238630 
30.421383557175730 
34.123260871638415 
38.208845910963603 
42.710463478066792 
47.662604317441996 
53.102032822205899 
59.067898816098364 
65.601852403998549 
72.748161642581579 
80.553833053055229 
89.068735048235808 
98.345724476933128 
108.440776551597423 
119.413118432781204 
131.325366709654418 
144.243668958420528 
158.237849497705355 
173.381559403561909 
189.752430799750385 
207.432235394685847 
226.507047175810783 
247.067409057106573 
269.208503041410324 
293.030322936608457 
318.637847577018874 
346.141210383819043 
375.655856941450224 
407.302673081428338 
441.208050789093363 
477.503829005703437 
516.326994009132250 
557.818934420256483 
602.123898850516071 
649.386064499676536 
699.744166070876076 
753.321762843462011 
810.208828848723670 
870.423089337777583 
933.814126134721278 
999.790435496194959 
0.000000000000000 
0.000000000000000 
0.000000000000000 
0.000000000000000 
0.000000000000000 
0.000000000000000 
0.000000000000000 
0.000000000000000 
0.000000000000000 
0.000000000000000 
0.000000000000000 
0.000000000000000 
0.000000000000000 
0.000000000000000 
0.000000000000000 
0.000000000000000 
0.000000000000000 
0.000000000000000 
0.000000000000000 
0.000000000000000 
0.000000000000000 
0.000000000000000 
0.000000000000000 
0.000000000000000 
0.000000000000000 
0.000000000000000 
0.000000000000000 
0.000000000000000 
0.000000000000000 
0.000379264726196 
0.021623819266923 
0.047833318404005 
0.080026216080749 
0.119419337880983 
0.167577937399414 
0.237249545127976 
0.327521877986875 
0.437117725831275 
0.569455897865416 
0.737909927965300 
0.943111702735772 
1.188157943399388 
1.485731680408507 
1.842269010953801 
2.264226148361304 
2.763906207732798 
3.349621197361266 
4.033724561973743 
4.828094921630672 
5.744520449156744 
6.795969257480857 
7.995918452630979 
9.358830973372749 
10.900162650673455 
12.636686118020208 
14.586768588596895 
16.769340570022162 
19.205010999715910 
21.916120171782957 
24.926813401258418 
28.263110399984953 
31.952976026704771 
36.026396266962180 
40.515461351044749 
45.454456360109305 
50.879959000968356 
56.830944654882735 
63.348897485587706 
70.477925770790790 
78.264880618769794 
86.759477792786910 
96.014422659005476 
106.085538478294581 
117.031898353538509 
128.915961142310067 
141.803711583542537 
155.764804801377153 
170.872715267432483 
187.204890239780013 
204.842907655811501 
223.872638429289736 
244.384413072375708 
266.473192502642007 
290.238742751484722 
315.785812964015236 
343.224315364333904 
372.669504312592494 
404.242148359254259 
438.068682223833093 
474.281311741173226 
513.018015895313169 
554.422331842954463 
598.642622761038524 
645.830612825633580 
696.137897253755455 
749.708796081886703 
806.665150611981517 
867.072084989860741 
930.832799371438341 
997.247555051823838 
0.690876105650723 
0.690876105659988 
0.690876106836575 
0.690876125912123 
0.690876257439833 
0.690876829437611 
0.690878699110129 
0.690883735343311 
0.690895534666650 
0.690920417384939 
0.690968750597528 
0.691056644862428 
0.691208071346133 
0.691457446464212 
0.691852731319435 
0.692459093768112 
0.693363181812716 
0.694678058394851 
0.696548849763332 
0.699159162684796 
0.702738330157338 
0.707569551301462 
0.713998999007142 
0.722445978822892 
0.733414234264188 
0.747504506402682 
0.765428467601269 
0.788024157708460 
0.816273051623213 
0.851410939370701 
0.894953806297037 
0.948229978756063 
1.013013214931488 
1.091775901246422 
1.186502236674578 
1.300656462262398 
1.437024347476547 
1.599588196455122 
1.791735360669350 
2.018455575312334 
2.284928422744473 
2.596584419763326 
2.959762008475551 
3.381616354814375 
3.869734429049542 
4.432150526261321 
5.078079000237427 
5.817544679471844 
6.661401077878334 
7.621409157214216 
8.710314131587960 
9.941887646124885 
11.331006550818689 
12.893719811094673 
14.647327617131296 
16.610420459402405 
18.802860830962409 
21.245987100213473 
23.962719007232689 
26.977649444536109 
30.317136972722693 
34.009400152648581 
38.084614563503621 
42.575012855998899 
47.514988183221050 
52.941201518321137 
58.892693897259548 
65.411001586270800 
72.540273887138326 
80.327393713896058 
88.822100948586382 
98.077118758561284 
108.148283148428163 
119.094676049980464 
130.978762231434757 
143.866530251351236 
157.827637613786862 
172.935560216650799 
189.267746134301916 
206.905773739004758 
225.935514136736515 
246.447297855211019 
268.536085647036543 
292.301643104079290 
317.848718412380776 
345.287221789143643 
374.732403434109017 
406.305023276883787 
440.131498330916884 
476.343998323486176 
515.080429224563886 
556.484181869261306 
600.703398942034710 
647.889304437874785 
698.192564249317229 
751.755680575886117 
808.696715466327760 
869.071822929209475 
932.773947860044927 
999.135439665887930 
0.000000000000000 
0.000000000000000 
0.000000000000000 
0.000000000000000 
0.000000000000000 
0.000000000000000 
0.000000000000000 
0.000000000000000 
0.000000000000000 
0.000000000000000 
0.000000000000000 
0.000000000000000 
0.000000000000000 
0.000000000000000 
0.000000000000000 
0.000000000000000 
0.000000000000000 
0.000000000000000 
0.000000000000000 
0.000000000000000 
0.000000000000000 
0.000000000000000 
0.000000000000000 
0.000000000000000 
0.000000000000000 
0.000000000000000 
0.000000000000000 
0.000000000000000 
0.000000000000000 
0.000000000000000 
0.018656080253582 
0.044747222970614 
0.076780473536880 
0.115958107880892 
0.163723115570068 
0.230352964766139 
0.319789248408424 
0.428496865787005 
0.559443554258633 
0.724326045902667 
0.927657023903363 
1.170344495714587 
1.463233269994817 
1.816232924302958 
2.233570472093724 
2.727816797870809 
3.308051848101444 
3.985344559980769 
4.772747990507254 
5.681761874260950 
6.725660537997946 
7.917882770499762 
9.272992331404591 
10.806459033925433 
12.534925550407078 
14.476730834501410 
16.651186792817377 
19.078794962026816 
21.781781872788113 
24.784178413863984 
28.111891864281453 
31.792777284125236 
35.856713145619565 
40.335683759650564 
45.263868902725513 
50.677739966147612 
56.616163878661510 
63.120514077003577 
70.234785766011413 
78.005714482416721 
86.482897713075488 
95.718919535872445 
105.769478473937724 
116.693518879294459 
128.553366189402965 
141.414866352872991 
155.347529633979462 
170.424678912777892 
186.723602521095273 
204.325711603707447 
223.316701966320068 
243.786720357125319 
265.830535109847631 
289.547711026945535 
315.042788252481500 
342.425464644861336 
371.810780469128758 
403.319302889787821 
437.077304845243589 
473.216926667629423 
511.876295602519576 
553.199550096108737 
597.336654035257197 
644.442759961336151 
694.676544227819136 
748.196162248373753 
805.149187356966991 
865.645381467440984 
929.669454038759795 
996.571707123585952 
0.702299633853519 
0.702299633862719 
0.702299635031101 
0.702299653973594 
0.702299784583878 
0.702300352591887 
0.702302209223166 
0.702307210327877 
0.702318927349167 
0.702343636506636 
0.702391632587078 
0.702478913773284 
0.702629284024315 
0.702876919682784 
0.703269447282737 
0.703871580049333 
0.704769361438554 
0.706075065425052 
0.707932805323080 
0.710524905984550 
0.714079098567243 
0.718876603026697 
0.725261171333925 
0.733649174285153 
0.744540826460638 
0.758532656665633 
0.776331343449709 
0.798769044274851 
0.826820348400885 
0.861818776917484 
0.905089239121594 
0.958032396778216 
1.022434492251025 
1.100723726481698 
1.194844201638077 
1.308308995635085 
1.443723367876464 
1.605339939906106 
1.796372107712018 
2.021759312729484 
2.286672316637551 
2.596551614187100 
2.957757375902364 
3.377366730623651 
3.862946218974175 
4.422536625116946 
5.065306385081331 
5.801290676775968 
6.641362044120548 
7.597271107281635 
8.681766209127819 
9.908608680802496 
11.292671205119184 
12.849990453564109 
14.597856711388030 
16.554888823569907 
18.740998596467964 
21.177484404571182 
23.887216695568004 
26.894731429435996 
30.226323423506358 
33.910141328243157 
37.976285425510298 
42.456908155793592 
47.386317518647630 
52.801083409138855 
58.740150885866584 
65.244955886111057 
72.359543172724557 
80.130687042916747 
88.608014701442471 
97.844132450701153 
107.894754965490677 
118.818837975485678 
130.678714673665041 
143.540236118840767 
157.472915827708135 
172.550078677836495 
188.849014182135704 
206.451134153083331 
225.442134748857200 
245.912162874601847 
267.955986885103641 
291.673171474150934 
317.168256491509567 
344.550939164342140 
373.936258446876138 
405.444778801126120 
439.202767611097102 
475.342353818379024 
514.001641351471108 
555.324721025466602 
599.461460485910152 
646.566813431588002 
696.799043251138642 
750.315430901191576 
807.261664041660765 
867.743552044151102 
931.740005132576130 
998.566069726978412 
0.000000000000000 
0.000000000000000 
0.000000000000000 
0.000000000000000 
0.000000000000000 
0.000000000000000 
0.000000000000000 
0.000000000000000 
0.000000000000000 
0.000000000000000 
0.000000000000000 
0.000000000000000 
0.000000000000000 
0.000000000000000 
0.000000000000000 
0.000000000000000 
0.000000000000000 
0.000000000000000 
0.000000000000000 
0.000000000000000 
0.000000000000000 
0.000000000000000 
0.000000000000000 
0.000000000000000 
0.000000000000000 
0.000000000000000 
0.000000000000000 
0.000000000000000 
0.000000000000000 
0.000000000000000 
0.015890735265037 
0.041879995350949 
0.073775615498052 
0.112767391766906 
0.160281968903556 
0.224425287441425 
0.312733448244344 
0.420636675570272 
0.550743442388018 
0.712252136200102 
0.913723058252189 
1.154510972008310 
1.443632632974788 
1.792951954048566 
2.206522814211156 
2.695794577348261 
3.271191181673090 
3.942747375824584 
4.723623709343634 
5.626114236445794 
6.663132420868279 
7.848389669213962 
9.196428048580003 
10.722770107850588 
12.444062639061524 
14.378272314127052 
16.545294244795528 
18.965544364393615 
21.661158633563936 
24.656074792982906 
27.976106348949749 
31.649014721305569 
35.704584840312542 
40.174707682017107 
45.093469977541595 
50.497248681490149 
56.424813584452252 
62.917439002455623 
70.019019350224696 
77.776187592832869 
86.238436686537142 
95.458243977935538 
105.491198714446000 
116.396132965039527 
128.235256310406839 
141.074294637588764 
154.982633294307192 
170.033464759019409 
186.303940893214758 
203.875329778311936 
222.833177103061530 
243.267472051509458 
265.272817633412558 
288.948605384533721 
314.399194250015455 
341.734093470287974 
371.068148792707802 
402.521730638809231 
436.220921315320538 
472.297694972051943 
510.890076907017374 
552.142253836606983 
596.204575019877097 
643.233316278965617 
693.389918413111673 
746.839016381985857 
803.743370331551432 
864.249163167902907 
928.430437168835624 
995.938961581193666 
0.714048144744973 
0.714048144754112 
0.714048145914874 
0.714048164733826 
0.714048294492290 
0.714048858795835 
0.714050703318438 
0.714055671806689 
0.714067312411331 
0.714091860419517 
0.714139543477433 
0.714226255431648 
0.714375644999905 
0.714621665644015 
0.715011633315044 
0.715609839257850 
0.716501765917794 
0.717798955350651 
0.719644581611548 
0.722219781656060 
0.725750803635709 
0.730517037436293 
0.736860000174214 
0.745193359273329 
0.756014087525052 
0.769914857477765 
0.787597795054297 
0.809889721735141 
0.837759016832454 
0.872670155875618 
0.915709061715802 
0.968368985891956 
1.032486183124891 
1.110355119261436 
1.203971630001849 
1.316842293713778 
1.451414944888360 
1.612231051910475 
1.802307399612022 
2.026547845433050 
2.290124953345919 
2.598465863918377 
2.957942853308031 
3.375608094342062 
3.858976142994847 
4.416108166710181 
5.056127477157874 
5.789051542191177 
6.625776847067312 
7.578066042312054 
8.658652608817018 
9.881299795361276 
11.260871217805926 
12.813394402531346 
14.556143038179769 
16.507724136131824 
18.688148766056127 
21.118691653349863 
23.822187020108991 
26.823126799677624 
30.147754622582603 
33.824160939132597 
37.882382092489451 
42.354501780960817 
47.274755194907307 
52.679632116054975 
58.607992949863061 
65.101185467391460 
72.203162681289385 
79.960603695825270 
88.423037153568856 
97.642967385747752 
107.676003509834572 
118.580991800913580 
130.420151681810296 
143.259215639201727 
157.167573301008758 
172.218419829052038 
188.488908709379899 
206.060308970638232 
225.018166829114421 
245.452471741661611 
267.457826833771605 
291.133623650672121 
316.584221025389354 
343.919127934971982 
373.253189579252307 
404.706775262009160 
438.405965030075322 
474.482728480743162 
513.075081771125497 
554.327193323348752 
598.389375902684606 
645.417832386375835 
695.573856145208879 
749.021776266425491 
805.923677514152132 
866.424042179254116 
930.591381804244975 
998.046429363643028 
0.000000000000000 
0.000000000000000 
0.000000000000000 
0.000000000000000 
0.000000000000000 
0.000000000000000 
0.000000000000000 
0.000000000000000 
0.000000000000000 
0.000000000000000 
0.000000000000000 
0.000000000000000 
0.000000000000000 
0.000000000000000 
0.000000000000000 
0.000000000000000 
0.000000000000000 
0.000000000000000 
0.000000000000000 
0.000000000000000 
0.000000000000000 
0.000000000000000 
0.000000000000000 
0.000000000000000 
0.000000000000000 
0.000000000000000 
0.000000000000000 
0.000000000000000 
0.000000000000000 
0.000000000000000 
0.013296160989821 
0.039196283577894 
0.070971576899307 
0.109800840551660 
0.157097582904752 
0.219258102793704 
0.306233169335066 
0.413396327191327 
0.542767788056721 
0.701431292242553 
0.901015175579145 
1.140107044857244 
1.426112836627483 
1.771850779829234 
2.182201555820312 
2.666996197286461 
3.237984390119673 
3.904457061429886 
4.679373248039739 
5.576023195328923 
6.606756692568877 
7.785697190306691 
9.127280717779193 
10.647121085940832 
12.361861657556901 
14.289415229456832 
16.449480284155864 
18.862887087494020 
21.551691248753841 
24.539746270843658 
27.852781599230539 
31.518475335716211 
35.566528356018026 
40.028747437816996 
44.939139160695589 
50.333996422875707 
56.251996287192100 
62.734321018732309 
69.824774178344725 
77.569897269703247 
86.019090294202272 
95.224735725552819 
105.242325734038786 
116.130592790021524 
127.951643945561784 
140.771099133545817 
154.658233773652398 
169.686125881306680 
185.931807779025689 
203.476422433306368 
222.405384392582107 
242.808545279212012 
264.780363780443565 
288.420080076549425 
313.831894584170072 
341.125150880467402 
370.414522400146211 
401.820202035006332 
435.468092783430848 
471.489995450744573 
510.023784885510509 
551.213556766672241 
595.209707127699744 
642.168865010831269 
692.253504430534917 
745.630841330318390 
802.470005427849401 
862.934327410422156 
927.154489345069010 
995.078057911855012 
0.725881991553522 
0.725881991562607 
0.725881992716329 
0.725882011421159 
0.725882140392740 
0.725882701274227 
0.725884534611249 
0.725889472969533 
0.725901042983140 
0.725925442127416 
0.725972836027093 
0.726059022148954 
0.726207505811326 
0.726452034605588 
0.726839637624296 
0.727434216410549 
0.728320735404443 
0.729610061029399 
0.731444500649737 
0.734004095709510 
0.737513727744145 
0.742251101971310 
0.748555681106867 
0.756838652066568 
0.767594020151789 
0.781410938487874 
0.798987393355710 
0.821145375928645 
0.848945286987877 
0.883725994154579 
0.926564678353548 
0.978979602739932 
1.042858658016368 
1.120359949259778 
1.213535382186216 
1.325887488125655 
1.459725404515468 
1.619855945200343 
1.809096479355449 
2.032328791340343 
2.294742630850508 
2.601735742389867 
2.959681119641413 
3.375634531301685 
3.857051947775686 
4.412010651341326 
5.049596722834201 
5.779803342979346 
6.613546975509888 
7.562608226579907 
8.639696875357686 
9.858587363486965 
11.234129713410285 
12.782348221164973 
14.520503807204701 
16.467187707245426 
18.642422252184772 
21.067559462762905 
23.765404401827194 
26.760413473447514 
30.078789055426508 
33.748571454415739 
37.799741475467648 
42.264322874830484 
47.176501173538377 
52.572680460645707 
58.491641169633169 
64.974654075134822 
72.065592086718254 
79.811050884273442 
88.260472393950309 
97.466270992439433 
107.483962580454858 
118.372296809060515 
130.193392803749106 
143.012878719150933 
156.900035395749569 
171.927944307755070 
188.173639912245136 
205.718266448089395 
224.647239193207525 
245.050410166828328 
267.022238251021975 
290.661963692142479 
316.073786865739066 
343.367051190612301 
372.656429749198992 
404.062114707745991 
437.710007598080836 
473.731906277669509 
512.265679692196727 
553.455411746317964 
597.451475076287352 
644.410452334501088 
694.494725046617759 
747.871321812465681 
804.708976100288396 
865.170092769662801 
929.382618295839166 
997.281084138499182 
0.000000000000000 
0.000000000000000 
0.000000000000000 
0.000000000000000 
0.000000000000000 
0.000000000000000 
0.000000000000000 
0.000000000000000 
0.000000000000000 
0.000000000000000 
0.000000000000000 
0.000000000000000 
0.000000000000000 
0.000000000000000 
0.000000000000000 
0.000000000000000 
0.000000000000000 
0.000000000000000 
0.000000000000000 
0.000000000000000 
0.000000000000000 
0.000000000000000 
0.000000000000000 
0.000000000000000 
0.000000000000000 
0.000000000000000 
0.000000000000000 
0.000000000000000 
0.000000000000000 
0.000000000000000 
0.010848919333260 
0.036670206806322 
0.068339177967683 
0.107024773028678 
0.154130148441702 
0.214702911249677 
0.300204101103479 
0.406702410769632 
0.535395722578500 
0.691668705105173 
0.889328928971509 
1.126897305775159 
1.410281978076326 
1.752637048704069 
2.160093419776353 
2.640886679240756 
3.207769890767294 
3.869718215941982 
4.639631514905289 
5.530533764217404 
6.555621281068001 
7.728638490059483 
9.064268721452326 
10.578084866421190 
12.286766046022926 
14.208216690426623 
16.361817841238285 
18.768866078916890 
21.451353769174084 
24.433065933224228 
27.739669859313992 
31.398786337076817 
35.440024206145139 
39.895102963877363 
44.797949436156756 
50.184783779626684 
56.094209082142982 
62.567327732615553 
69.647861652964707 
77.382269410049133 
85.819866542371059 
95.012949353931248 
105.016921993702638 
115.890426862055136 
127.695478593312231 
140.497601951555765 
154.365973957573630 
169.373570483065663 
185.597317448538661 
203.118246674711088 
222.021656377825508 
242.397276267471028 
264.339437193202286 
287.947245281278924 
313.324760468280772 
340.581179320653632 
369.831021862838554 
401.194321805296454 
434.796818870263394 
470.770150408343682 
509.252036322995309 
550.386444671492200 
594.323711452264320 
641.220559133780171 
691.239894791161191 
744.550124066429362 
801.323336117140798 
861.730476275148931 
925.925609640133644 
993.966674049255516 
0.737702175300275 
0.737702175309308 
0.737702176456480 
0.737702195055120 
0.737702323294506 
0.737702880991772 
0.737704703920629 
0.737709614243024 
0.737721118571814 
0.737745379198648 
0.737792504037916 
0.737878200876914 
0.738025841606190 
0.738268982268808 
0.738654385069951 
0.739245589014229 
0.740127076708924 
0.741409086253934 
0.743233119251907 
0.745778199087052 
0.749267938056068 
0.753978478026260 
0.760247377343540 
0.768483526876899 
0.779178190225138 
0.792917276547341 
0.810394967688529 
0.832428831553554 
0.860238090702986 
0.894876684061276 
0.937540184041822 
0.989740641600551 
1.053417479642137 
1.130594060914434 
1.223379675760279 
1.335272515639060 
1.468461834390562 
1.627996820823710 
1.816498704949615 
2.038834836826271 
2.300223652715976 
2.606022759019374 
2.962597337454753 
3.377022161320129 
3.856702118283101 
4.409718134037792 
5.045133362920419 
5.772916654455298 
6.603974598443467 
7.550099220956538 
8.624023188683571 
9.839499175322477 
11.211383618404158 
12.755689628879754 
14.489669878118992 
16.431897130272251 
18.602368977007259 
21.022549660747448 
23.715223380886194 
26.704820528230520 
30.017570613582073 
33.681403372000503 
37.726237709884970 
42.184048099931061 
47.088962958205990 
52.477340835129183 
58.387895955167096 
64.861829455446724 
71.942941895183026 
79.677753511313412 
88.115627782220955 
97.308897757157808 
107.312995188256508 
118.186582700969367 
129.991689336782457 
142.793849817635191 
156.662247835439501 
171.669863591671145 
187.893625728408296 
205.414567721906252 
224.317988760728781 
244.693619101765080 
266.635789882419658 
290.243607356117025 
315.621131470962951 
342.877558697292670 
372.127408811102327 
403.490714997953773 
437.093215914574557 
473.066546769984768 
511.548423182877741 
552.682804673187889 
596.620010300249760 
643.516729039697339 
693.535801573777462 
746.845500517492383 
803.617639673186432 
864.022547175649038 
928.212592634359225 
996.238585512002260 
0.000000000000000 
0.000000000000000 
0.000000000000000 
0.000000000000000 
0.000000000000000 
0.000000000000000 
0.000000000000000 
0.000000000000000 
0.000000000000000 
0.000000000000000 
0.000000000000000 
0.000000000000000 
0.000000000000000 
0.000000000000000 
0.000000000000000 
0.000000000000000 
0.000000000000000 
0.000000000000000 
0.000000000000000 
0.000000000000000 
0.000000000000000 
0.000000000000000 
0.000000000000000 
0.000000000000000 
0.000000000000000 
0.000000000000000 
0.000000000000000 
0.000000000000000 
0.000000000000000 
0.000000000000000 
0.008530467582209 
0.034281634669753 
0.065855969173175 
0.104414182774464 
0.151349097961577 
0.210650282967530 
0.294570198585034 
0.400497176454824 
0.528538386166983 
0.683242750461383 
0.878514206643638 
1.114710448924895 
1.396020888337695 
1.735214325743912 
2.139845080352443 
2.617146196921679 
3.180121589352547 
3.837996474077860 
4.603285962538372 
5.488883183483684 
6.508777218996474 
7.676291026965851 
9.006404154874902 
10.514618848370029 
12.217668731287391 
14.133448920813599 
16.281227779760354 
18.682258644871734 
21.358813405894118 
24.334635955348563 
27.635305229122970 
31.288359493582355 
35.323334753494244 
39.771875898985769 
44.667837283922687 
50.047370997793877 
55.949015842747059 
62.413806393764879 
69.485391929948946 
77.210155411813332 
85.637334731959314 
94.819146879369399 
104.810915120924960 
115.671199338791737 
127.461929800199883 
140.248544717302025 
154.100131947024181 
169.089575107026263 
185.293704282894197 
202.793451406538907 
221.674010315024532 
242.025001457055083 
263.940641195527974 
287.519915648096799 
312.866758986022944 
340.090236094581257 
369.304729389070644 
400.630129334626531 
434.192027699554558 
470.121911452718791 
508.557352847836910 
549.642186283193155 
593.526652220641267 
640.367467025081623 
690.327731194203807 
743.576484998622959 
800.287458654462284 
860.635755143936422 
924.787495875405511 
992.851631746631597 
0.749479464276407 
0.749479464285394 
0.749479465426781 
0.749479483931613 
0.749479611524182 
0.749480166408525 
0.749481980142861 
0.749486865698507 
0.749498312001725 
0.749522450263243 
0.749569337417103 
0.749654602030379 
0.749801498130590 
0.750043412565013 
0.750426871813806 
0.751015094713415 
0.751892138431964 
0.753167686443795 
0.754982529398307 
0.757514792945955 
0.760986971095530 
0.765673829876187 
0.771911254272839 
0.780106121764285 
0.790747298186485 
0.804417865394351 
0.821808703777465 
0.843777616613043 
0.871592988176023 
0.906097571028689 
0.948595669409173 
1.000593341090191 
1.064089833738726 
1.140973941586068 
1.233456342702709 
1.344911775041756 
1.477607522662448 
1.636532505766808 
1.824361934737169 
2.045895239587499 
2.306377751997150 
2.611110766422448 
2.966443274045283 
3.379480969531661 
3.857600993899770 
4.408860250390086 
5.042314127963785 
5.767907223764031 
6.596525324939645 
7.539973593704523 
8.611011117868571 
9.823366749056907 
11.191906831070749 
12.732632252055884 
14.462790725524741 
16.400939521008087 
18.567049268816106 
20.982640029536757 
23.670630592553927 
26.655338229466260 
29.962915535918896 
33.621285504940829 
37.660325414122504 
42.111963849105969 
47.010277771251936 
52.391579826078370 
58.294531940617617 
64.760273876959914 
71.832540718209160 
79.557783901193929 
87.985295199762945 
97.167333332926859 
107.159253247531623 
118.019638306210652 
129.810435714984209 
142.597095555660758 
156.448713755374314 
171.438179252815047 
187.642325535025009 
205.142086641177059 
224.022657671835816 
244.373659805755324 
266.289309806548829 
289.868593989931810 
315.215446590024271 
342.438932444874695 
371.653433790326744 
402.978840691489893 
436.540744096307037 
472.470629322536070 
510.906065321671463 
551.990879916842800 
595.875300535706629 
642.716017808814058 
692.676081386428677 
745.924430297415483 
802.634587869799589 
862.981205042078955 
927.129221744285360 
995.183024626808219 
0.000000000000000 
0.000000000000000 
0.000000000000000 
0.000000000000000 
0.000000000000000 
0.000000000000000 
0.000000000000000 
0.000000000000000 
0.000000000000000 
0.000000000000000 
0.000000000000000 
0.000000000000000 
0.000000000000000 
0.000000000000000 
0.000000000000000 
0.000000000000000 
0.000000000000000 
0.000000000000000 
0.000000000000000 
0.000000000000000 
0.000000000000000 
0.000000000000000 
0.000000000000000 
0.000000000000000 
0.000000000000000 
0.000000000000000 
0.000000000000000 
0.000000000000000 
0.000000000000000 
0.000000000000000 
0.006325125835124 
0.032013378954020 
0.063502794647868 
0.101947812563845 
0.148728663852704 
0.207014125832744 
0.289280124482660 
0.394689355889051 
0.522120412200746 
0.675610726011256 
0.868439244420355 
1.103381369521930 
1.382934233927427 
1.719153636300482 
2.121129469384538 
2.595336420039861 
3.154613790866021 
3.808775632774814 
4.569768492119019 
5.450457600404225 
6.465537441215895 
7.627918681443107 
8.952894457673361 
10.455874514449482 
12.153662733489886 
14.064142401978216 
16.206574156165960 
18.601933719510328 
21.272942599371365 
24.243264548283847 
27.538398108588297 
31.185801260243039 
35.214949850063881 
39.657429813960690 
44.547033499380383 
49.919850886502090 
55.814360829854472 
62.271536157212878 
69.334960165508647 
77.050946458588342 
85.468661202565897 
94.640247918099220 
104.620954963942921 
115.469265937513768 
127.247033323602977 
140.019615787446810 
153.856019500747635 
168.829043818597768 
185.015431522597652 
202.496023742805079 
221.355919589725772 
241.684640475079334 
263.576299073551013 
287.129772867759527 
312.448882203452911 
339.642572767199852 
368.825102323511771 
400.116231362223402 
433.641416906468066 
469.532007868549385 
507.925438512155267 
548.965412751718304 
592.802064068241862 
639.592059342315565 
689.498579619557290 
742.691033161755058 
799.344165346280988 
859.635664337340586 
923.738900291157279 
991.791141830065612 
0.761151688656439 
0.761151688665386 
0.761151689801596 
0.761151708222508 
0.761151835236444 
0.761152387604382 
0.761154193113424 
0.761159056513073 
0.761170450907430 
0.761194479702795 
0.761241154227406 
0.761326032180774 
0.761472262156963 
0.761713079656935 
0.762094800318826 
0.762680356640215 
0.763553425369262 
0.764823194175072 
0.766629818398765 
0.769150621918394 
0.772607100764560 
0.777272794451955 
0.783482098362497 
0.791640101106243 
0.802233543469740 
0.815843009662260 
0.833156475547893 
0.855206358498432 
0.882919407885414 
0.917296720204710 
0.959637609034918 
1.011442355281090 
1.074783692433249 
1.151404260307718 
1.243647774589998 
1.354686012220742 
1.486998537386615 
1.645312679089459 
1.832537120024270 
2.053343642835662 
2.313014302106209 
2.616785002941388 
2.970986608554603 
3.382759116552962 
3.859467104886777 
4.409126206600957 
5.040793127613847 
5.764389283147835 
6.590774753307601 
7.531769055563316 
8.600156381571855 
9.809640972704690 
11.175101635462259 
12.712525801140686 
14.439159388164278 
16.373547202329895 
18.535639966138941 
20.947098883759612 
23.630751366350580 
26.610903053569110 
29.913674110216185 
33.566977546073410 
37.600660558526116 
42.046611993308026 
46.938863169462678 
52.313682674589401 
58.209685566026245 
64.667957004966127 
71.732172691261937 
79.448721081281604 
87.866828027779434 
97.038683813848905 
107.019572686443993 
117.868005138301385 
129.645853284990153 
142.418489721177480 
156.254930216708658 
171.227980545740706 
187.414387655710499 
204.894995299636349 
223.754904189092088 
244.083636680747475 
265.975305983892895 
289.528789862423309 
314.847908780567252 
342.041608422992624 
371.224146428365543 
402.515282974840261 
436.040474433464226 
471.931068399401511 
510.324496501707813 
551.364457411679041 
595.201074223977230 
641.990993333706683 
691.897355401126561 
745.089488626123511 
801.741976249420190 
862.032158655544663 
926.132531097107858 
994.177197150519419 
0.000000000000000 
0.000000000000000 
0.000000000000000 
0.000000000000000 
0.000000000000000 
0.000000000000000 
0.000000000000000 
0.000000000000000 
0.000000000000000 
0.000000000000000 
0.000000000000000 
0.000000000000000 
0.000000000000000 
0.000000000000000 
0.000000000000000 
0.000000000000000 
0.000000000000000 
0.000000000000000 
0.000000000000000 
0.000000000000000 
0.000000000000000 
0.000000000000000 
0.000000000000000 
0.000000000000000 
0.000000000000000 
0.000000000000000 
0.000000000000000 
0.000000000000000 
0.000000000000000 
0.000000000000000 
0.000000000000000 
0.000000000000000 
0.021145910926246 
0.057374851491734 
0.102193187095615 
0.157728377179782 
0.228976077072034 
0.321715900824835 
0.449367849027579 
0.609190299694751 
0.806802567203445 
1.050213216816634 
1.351754472892119 
1.715294572305666 
2.150060337693707 
2.667902795881671 
3.275261810264436 
3.983256401447703 
4.803073730873763 
5.745260663478647 
6.821667552916233 
8.045272378912252 
9.430274299528513 
10.992182803774600 
12.748262322539354 
14.716549350699546 
16.916547254953574 
19.369374282368316 
22.097820387500001 
25.126417461524746 
28.481517800588172 
32.191377740757950 
36.286246316692257 
40.798459159067818 
45.762537635990753 
51.215293213331549 
57.195937117279492 
63.746194217897894 
70.910420101850505 
78.735721085465940 
87.272077183292339 
96.572468204701892 
106.693003260132997 
117.693053985525310 
129.635391758130879 
142.586329107183360 
156.615865444894155 
171.797837174512296 
188.210072179007966 
205.934548651031804 
225.057558196213051 
245.669872893973292 
267.866916076881807 
291.748936065981241 
317.421180739342162 
344.994069389029164 
374.583354441763277 
406.310256921292989 
440.301545510016922 
476.689500293542210 
515.611651190281691 
557.210090782498924 
601.630004593099784 
649.016791081663087 
699.510563152002760 
753.235565778759792 
810.278114894792225 
870.632025600407587 
934.021334681523740 
999.188619452365288 
0.643976910480613 
0.643976910489923 
0.643976911672367 
0.643976930842856 
0.643977063025193 
0.643977637869867 
0.643979516847996 
0.643984578147511 
0.643996436200277 
0.644021442777215 
0.644070016610929 
0.644158348558579 
0.644310529431136 
0.644561147837922 
0.644958405804472 
0.645567800631610 
0.646476422636853 
0.647797920275762 
0.649678186963794 
0.652301828049424 
0.655899472201770 
0.660755999321019 
0.667219767172651 
0.675712931181414 
0.686742965494959 
0.701028039808679 
0.719250380547536 
0.742226153545449 
0.770955953287940 
0.806606455568963 
0.850617960585800 
0.904846986366325 
0.970793620525874 
1.050847973226473 
1.147638883699412 
1.263716721401281 
1.402749841448715 
1.568019149063492 
1.763358896842298 
1.994067916873410 
2.264838663035230 
2.581351239999186 
2.949939482331325 
3.377791476909126 
3.872365675536511 
4.441764824077906 
5.095166390428560 
5.842557124813558 
6.694770382685635 
7.663557842027723 
8.761662873950998 
10.002890564996910 
11.402165739988060 
12.975605443697175 
14.740570796611818 
16.715680517285630 
18.920921754504498 
21.377775483091536 
24.109309667493221 
27.140270094765931 
30.497173129624610 
34.208400863854820 
38.304299146560226 
42.817278778993732 
47.781920190261935 
53.235081972744730 
59.216013468233086 
65.766470204484065 
72.930832024373302 
80.756224013878779 
89.292640317120998 
98.593071052193636 
108.713632600142290 
119.713701545401534 
131.656052511181656 
144.607000075632470 
158.636544891456424 
173.818524074786296 
190.230765881983189 
207.955248649398754 
227.078263912548323 
247.690583509050413 
269.887630254963085 
293.769651285287864 
319.441892120644184 
347.014767503598193 
376.604020910398447 
408.330856230866289 
442.322009817600133 
478.709701790495501 
517.631352936959729 
559.228861264112538 
603.647072670476973 
651.030792285521329 
701.519088704593401 
755.234263266111157 
812.258490069472145 
872.573954150766895 
935.848226048733522 
1000.000000000000000 
0.000000000000000 
0.000000000000000 
0.000000000000000 
0.000000000000000 
0.000000000000000 
0.000000000000000 
0.000000000000000 
0.000000000000000 
0.000000000000000 
0.000000000000000 
0.000000000000000 
0.000000000000000 
0.000000000000000 
0.000000000000000 
0.000000000000000 
0.000000000000000 
0.000000000000000 
0.000000000000000 
0.000000000000000 
0.000000000000000 
0.000000000000000 
0.000000000000000 
0.000000000000000 
0.000000000000000 
0.000000000000000 
0.000000000000000 
0.000000000000000 
0.000000000000000 
0.000000000000000 
0.000000000000000 
0.000000000000000 
0.000000000000000 
0.015875632095702 
0.051760063649458 
0.096100127960704 
0.150849549750261 
0.220441695615857 
0.310214079252783 
0.433759482702012 
0.590747952455801 
0.784885526651269 
1.022890530529316 
1.318786971069899 
1.677105661124480 
2.104547963711077 
2.615685896615454 
3.216214698164109 
3.916865758207595 
4.728698484151630 
5.663413412865030 
6.732278879235043 
7.948378186272359 
9.325791425703837 
10.879974832448777 
12.627808541074344 
14.587899468605251 
16.779561822555099 
19.223826144245596 
21.943386043842239 
24.962673369630387 
28.307937751288193 
32.007330441556576 
36.090992973715494 
40.591150879780322 
45.542212286562211 
50.980871276486241 
56.946217188933275 
63.479848713552677 
70.625991021605913 
78.431615707684827 
86.946563579971780 
96.223670431300079 
106.318896065057885 
117.291456909810506 
129.203962541443076 
142.122556367071240 
156.117060640584754 
171.261125899748748 
187.632384853059619 
205.312610703510302 
224.387879868825905 
244.948739027600737 
267.090376360617938 
290.912796716613798 
316.521000115174900 
344.025162138824726 
373.540813452628242 
405.189012956387444 
439.096500386011030 
475.395802487668220 
514.225236432501106 
555.728695625559794 
600.054979033424615 
647.356224312234758 
697.784382297561024 
751.483526371575522 
808.572134590002065 
869.096629556455923 
932.876466374879101 
998.752455242959968 
0.653160892213124 
0.653160892222356 
0.653160893394779 
0.653160912402813 
0.653161043465008 
0.653161613438323 
0.653163476493586 
0.653168494902569 
0.653180252467765 
0.653205047134279 
0.653253209345913 
0.653340792760909 
0.653491684056834 
0.653740178777967 
0.654134070589696 
0.654738302017979 
0.655639225931417 
0.656949528890482 
0.658813870328746 
0.661415295689688 
0.664982487502006 
0.669797926298230 
0.676207043500019 
0.684628460832258 
0.695622338480916 
0.709826030899040 
0.727897114183142 
0.750682576418192 
0.779175042640533 
0.814532033931689 
0.858249808301903 
0.912035130170915 
0.977447944122162 
1.056916573372295 
1.152921767644079 
1.268144167002774 
1.406153343995621 
1.570268365843689 
1.764259168622264 
1.993382827269905 
2.262349285254850 
2.576827885411976 
2.943147195580540 
3.368448499495093 
3.860162847203924 
4.426388747048812 
5.076271745220273 
5.819798703255129 
6.667813497435799 
7.632062559138676 
8.725268395823917 
9.961221174765805 
11.354828426890595 
12.922190022422754 
14.680666227745455 
16.648919850041207 
18.846914902111422 
21.296082379476069 
24.019430668419755 
27.041637602767722 
30.389143974107107 
34.090249323670896 
38.175210585384470 
42.676343559817553 
47.628127441306823 
53.067312911071525 
59.033035471023361 
65.566931292038561 
72.713255474670035 
80.519003046763189 
89.034032709991891 
98.311193528584724 
108.406454839436236 
119.379039691329382 
131.291562098647944 
144.210168338992759 
158.204682455079308 
173.348756056220907 
189.720022463145256 
207.400255202958931 
226.475530831895242 
247.036396026731609 
269.178038813467822 
293.000463641027636 
318.608669654025107 
346.112830757432278 
375.628474418369933 
407.276652722458209 
441.184091913592681 
477.483291963500960 
516.312517304116227 
557.815558567199560 
602.141022970019549 
649.440667554118477 
699.865697037477958 
753.558643305112241 
810.634426349837099 
871.129149090529836 
934.814903394965313 
1000.000000000000000 
0.000000000000000 
0.000000000000000 
0.000000000000000 
0.000000000000000 
0.000000000000000 
0.000000000000000 
0.000000000000000 
0.000000000000000 
0.000000000000000 
0.000000000000000 
0.000000000000000 
0.000000000000000 
0.000000000000000 
0.000000000000000 
0.000000000000000 
0.000000000000000 
0.000000000000000 
0.000000000000000 
0.000000000000000 
0.000000000000000 
0.000000000000000 
0.000000000000000 
0.000000000000000 
0.000000000000000 
0.000000000000000 
0.000000000000000 
0.000000000000000 
0.000000000000000 
0.000000000000000 
0.000000000000000 
0.000000000000000 
0.000000000000000 
0.011018006155740 
0.046612055115939 
0.090546569930910 
0.144727258323546 
0.212908484615381 
0.300451957842602 
0.419717605750674 
0.574460705907004 
0.765482964848753 
0.999691282499337 
1.289643479192546 
1.643258402367656 
2.065253584944751 
2.569325766614033 
3.163991288887602 
3.857900603456859 
4.662669043895786 
5.590480987819778 
6.652505167667123 
7.861772638070658 
9.232303598034742 
10.779493317582464 
12.520093849162802 
14.472579666708121 
16.656614462154469 
19.093108665017301 
21.804662926028584 
24.815621558632998 
28.152145606564723 
31.842294991848085 
35.916116859368955 
40.405739549045116 
45.345471215357492 
50.771901893375954 
56.724012423091281 
63.243289363305827 
70.373842357496642 
78.162524026555346 
86.659052646964994 
95.916137693874290 
105.989608494649374 
116.938546334329516 
128.825420366978790 
141.716227634840578 
155.680637411063458 
170.792139991224730 
187.128199984234413 
204.770414102769905 
223.804673424942763 
244.321330082562383 
266.415368310984093 
290.186579745151960 
315.739742715351213 
343.184805071394578 
372.637069367388165 
404.217377933710850 
438.052292514498731 
474.274257040121597 
513.021719127833421 
554.439157100088096 
598.676881477311895 
645.890426952257826 
696.238854945700268 
749.880609393260784 
806.962799327678681 
867.589821929962454 
931.708801165313616 
998.368629817595888 
0.662869027351060 
0.662869027360224 
0.662869028524000 
0.662869047391846 
0.662869177487422 
0.662869743257035 
0.662871592571780 
0.662876573968706 
0.662888244818922 
0.662912856618996 
0.662960663624708 
0.663047601099979 
0.663197379568317 
0.663444041679248 
0.663835028715499 
0.664434804484168 
0.665329085521137 
0.666629728416065 
0.668480327923377 
0.671062583712451 
0.674603499516084 
0.679383486433238 
0.685745452480811 
0.694146783362133 
0.705121739632724 
0.719222531660028 
0.737162866991617 
0.759783750236756 
0.788070864447312 
0.823173740999810 
0.866657868926145 
0.920069540179652 
0.985031850586799 
1.064010010490093 
1.159326409393486 
1.273827216034618 
1.410948660474025 
1.574076137748487 
1.766905558505447 
1.994672078778133 
2.262070031905833 
2.574765152540845 
2.939115812888621 
3.362200294655579 
3.851391134221181 
4.414836677977205 
5.061631425255049 
5.801748043526096 
6.646044231323673 
7.606263927867552 
8.695117739155821 
9.926377865855367 
11.314937683752756 
12.876879130444694 
14.629549696493122 
16.591629137738696 
18.783123722536160 
21.225426518059230 
23.941498573811678 
26.955962512069128 
30.295196283308528 
33.987429298333588 
38.062842038030723 
42.553668167133026 
47.494299164943499 
52.921390869202511 
58.873978576790549 
65.393593586333182 
72.524381505427471 
80.313223368456889 
88.809859400010282 
98.067015579457774 
108.140533276660818 
119.089502284121082 
130.976397566706851 
143.867220000723847 
157.831641301679724 
172.943153265913679 
189.279221389817792 
206.921442887371001 
225.955709099852214 
246.472372272200744 
268.566416643475407 
292.337633737959209 
317.890801600543170 
345.335867463761872 
374.788132582523133 
406.368436572794224 
440.203335525562579 
476.425261621865161 
515.172638082565300 
556.589893504740871 
600.827255245746528 
648.040061846629897 
698.386969334300488 
752.025505454837798 
809.100443409599848 
869.708676727026159 
933.758503410400635 
1000.000000000000000 
0.000000000000000 
0.000000000000000 
0.000000000000000 
0.000000000000000 
0.000000000000000 
0.000000000000000 
0.000000000000000 
0.000000000000000 
0.000000000000000 
0.000000000000000 
0.000000000000000 
0.000000000000000 
0.000000000000000 
0.000000000000000 
0.000000000000000 
0.000000000000000 
0.000000000000000 
0.000000000000000 
0.000000000000000 
0.000000000000000 
0.000000000000000 
0.000000000000000 
0.000000000000000 
0.000000000000000 
0.000000000000000 
0.000000000000000 
0.000000000000000 
0.000000000000000 
0.000000000000000 
0.000000000000000 
0.000000000000000 
0.000000000000000 
0.006503412195452 
0.041848599698294 
0.085434566280754 
0.139132444203323 
0.206170277998777 
0.292163402551872 
0.406943627602678 
0.559892198990537 
0.748110165695919 
0.979226639701273 
1.263552422257107 
1.612947750153383 
2.030494034349515 
2.527783381226448 
3.117196471912767 
3.805089138296205 
4.603889063012588 
5.524973588751146 
6.580821965699764 
7.783797602528121 
9.148070476396020 
10.688908964883659 
12.423023395056569 
14.368556883896019 
16.545641043542432 
18.975064971787933 
21.679366658434752 
24.682821383429221 
28.011516978160337 
31.693435906028750 
35.758543340439545 
40.238882259737693 
45.168673280063288 
50.584414276674011 
56.524988465736861 
63.031781865881086 
70.148801131145078 
77.922793180049581 
86.403367721354783 
95.643122624378805 
105.697772298641667 
116.626279397527156 
128.490990214964711 
141.357774115948558 
155.296167261854691 
170.379520794581055 
186.685153556489780 
204.294509360284366 
223.293318786329110 
243.771765467883199 
265.824656815157596 
289.551599110088318 
315.057176809720886 
342.451135871892745 
371.848570463899080 
403.370111752435207 
437.142115993349648 
473.296845917787891 
511.972632658423890 
553.313991253944550 
597.471632778956291 
644.602251431918603 
694.867813283395662 
748.433689037886325 
805.463752644249098 
866.105513772958375 
930.428759288833589 
997.988774996393886 
0.672931341314282 
0.672931341323388 
0.672931342479877 
0.672931361229566 
0.672931490510447 
0.672932052737051 
0.672933890470867 
0.672938840672891 
0.672950438437030 
0.672974896111471 
0.673022403737926 
0.673108796792396 
0.673257637325782 
0.673502754827981 
0.673891293552801 
0.674487313759321 
0.675375995512756 
0.676668495568765 
0.678507510728565 
0.681073605250179 
0.684592365826822 
0.689342455677770 
0.695723260555284 
0.704120634012235 
0.715025697467710 
0.729036760731295 
0.746863054263344 
0.769340342107815 
0.797448220354318 
0.832329206628486 
0.875635145774556 
0.928732424654527 
0.993314644670427 
1.071870123717744 
1.166570957881943 
1.280459927519567 
1.416809004349486 
1.579087931765637 
1.770912591696812 
1.997498670070141 
2.263531190678111 
2.574664786874276 
2.937292149580732 
3.358437632864745 
3.845405905733654 
4.406408259132821 
5.050490561464827 
5.787597851911605 
6.628592517685137 
7.585219899266914 
8.670199959465643 
9.897276400054395 
11.281333771404444 
12.838434713564787 
14.585907879932217 
16.542423973254394 
18.728059920353136 
21.164194354249478 
23.873752935456842 
26.881314989016612 
30.213207599564306 
33.897601018502115 
37.964610210966299 
42.446398046765310 
47.377281213936534 
52.793830918082584 
58.734993225496375 
65.242206800920940 
72.359520662406979 
80.133715369971867 
88.614426844756608 
97.854272894213722 
107.908982675894023 
118.837529423140523 
130.702266778225692 
143.569069042749646 
157.507475584230633 
172.590839556837835 
188.896481022416054 
206.505844505357771 
225.504660982455363 
245.983114290929478 
268.036011923863725 
291.762960155431642 
317.268543334492279 
344.662507161774045 
374.059945258476603 
405.581487659056393 
439.353488291109215 
475.508205115895578 
514.183959526229273 
555.525246731273796 
599.682737485956750 
646.813043531694348 
697.077959096027257 
750.642478547673591 
807.669550108844078 
868.303803416527558 
932.601778275172592 
1000.000000000000000 
0.000000000000000 
0.000000000000000 
0.000000000000000 
0.000000000000000 
0.000000000000000 
0.000000000000000 
0.000000000000000 
0.000000000000000 
0.000000000000000 
0.000000000000000 
0.000000000000000 
0.000000000000000 
0.000000000000000 
0.000000000000000 
0.000000000000000 
0.000000000000000 
0.000000000000000 
0.000000000000000 
0.000000000000000 
0.000000000000000 
0.000000000000000 
0.000000000000000 
0.000000000000000 
0.000000000000000 
0.000000000000000 
0.000000000000000 
0.000000000000000 
0.000000000000000 
0.000000000000000 
0.000000000000000 
0.000000000000000 
0.000000000000000 
0.002277268010594 
0.037405972263754 
0.080688386250928 
0.133965243128889 
0.200065599557221 
0.284872738317479 
0.395214406026781 
0.546765113522886 
0.732383438535140 
0.960758579665691 
1.239890001610355 
1.585534332943891 
1.999015911072020 
2.490146156456832 
3.074748629137586 
3.757270884167239 
4.550513103960051 
5.465486130439592 
6.515676706144607 
7.712890063086872 
9.071442958611309 
10.606480955719977 
12.334682757091981 
14.274130362368616 
16.444701864780502 
18.867585089304860 
21.565227082159240 
24.561832086192311 
27.883422217375021 
31.557912704269171 
35.615195208288064 
40.087236120181217 
45.008180310104429 
50.414444192086201 
56.344820078991496 
62.840601846169619 
69.945703602734795 
77.706777844662525 
86.173337415299443 
95.397880642437528 
105.436019529521701 
116.346611191097168 
128.191892868560615 
141.037620884309547 
154.953213833897365 
170.011900220951929 
186.290870644026910 
203.871434569607146 
222.839181678202578 
243.284147747248596 
265.300985025515388 
288.989137045804625 
314.453017769121232 
341.802194937378317 
371.151577261597254 
402.621604646623894 
436.338439745937080 
472.434157163350278 
511.046922466150477 
552.321144490359529 
596.407566325280641 
643.463222501446921 
693.651105987069514 
747.139197173637058 
804.097994794542615 
864.694010592574614 
929.067857756316698 
997.215794491954057 
0.683172342691789 
0.683172342700847 
0.683172343851176 
0.683172362500998 
0.683172491093290 
0.683173050325302 
0.683174878270781 
0.683179802106512 
0.683191338097423 
0.683215665502927 
0.683262920089821 
0.683348852990750 
0.683496900761585 
0.683740712715828 
0.684127182026904 
0.684720027805718 
0.685603976545785 
0.686889593205335 
0.688718815054611 
0.691281758940912 
0.694819119090065 
0.699594155998979 
0.705949269985681 
0.714299337627890 
0.725142995940836 
0.739075212818308 
0.756801273688794 
0.779152320860316 
0.807102577286533 
0.841798699208313 
0.884963096076355 
0.937789703799640 
1.002044107282619 
1.080220564373430 
1.174366158917715 
1.287737330540333 
1.423410553246908 
1.584951063732211 
1.775894310217258 
2.001436599062849 
2.266266890851762 
2.576022370574549 
2.937123988205979 
3.356548539089512 
3.841547107829227 
4.400380540663232 
5.042054006687477 
5.776478957227697 
6.614521597419685 
7.567933111018236 
8.649438734794206 
9.872759104994504 
11.252770205372101 
12.805518757539222 
14.548317436945059 
16.499819627269424 
18.680107415373762 
21.110630626617350 
23.814284781679422 
26.815614132480455 
30.140905882032740 
33.818277875132232 
37.877787616642607 
42.351536284100575 
47.273781282623901 
52.681013567685994 
58.612096804985811 
65.108387447766489 
72.213849015460198 
79.975173035754267 
88.441902867808793 
97.666560254261924 
107.704774729417124 
118.615416166338548 
130.460730810987855 
143.306481140833711 
157.222089823909556 
172.280787971460256 
188.559767797403225 
206.140339735377268 
225.108094023551871 
245.553066745274521 
267.569910301734922 
291.258068279566771 
316.721954612305638 
344.071136924263726 
373.420523660068454 
404.890554172313614 
438.607389994419805 
474.703103474259024 
513.315855656202075 
554.590046351005981 
598.676400730555883 
645.731917917566761 
695.919520916888700 
749.407051237576297 
806.364727046522603 
866.958472852231353 
931.327327713661361 
999.459273275811938 
0.000000000000000 
0.000000000000000 
0.000000000000000 
0.000000000000000 
0.000000000000000 
0.000000000000000 
0.000000000000000 
0.000000000000000 
0.000000000000000 
0.000000000000000 
0.000000000000000 
0.000000000000000 
0.000000000000000 
0.000000000000000 
0.000000000000000 
0.000000000000000 
0.000000000000000 
0.000000000000000 
0.000000000000000 
0.000000000000000 
0.000000000000000 
0.000000000000000 
0.000000000000000 
0.000000000000000 
0.000000000000000 
0.000000000000000 
0.000000000000000 
0.000000000000000 
0.000000000000000 
0.000000000000000 
0.000000000000000 
0.000000000000000 
0.000000000000000 
0.033238987305793 
0.076254246900943 
0.129160382582093 
0.194494392926144 
0.278159412614636 
0.384969774220934 
0.534680320296770 
0.718049129569704 
0.943904744680654 
1.218896821489540 
1.560562316843667 
1.970324460923913 
2.456527271441920 
3.036043191328921 
3.713858605473416 
4.501879109868661 
5.411547309757744 
6.456315372445702 
7.648252240968819 
9.001528244432956 
10.531250605435664 
12.254049425308606 
14.187958611652306 
16.352578818525956 
18.769474384669131 
21.461027354203559 
24.451387904891554 
27.766533284377886 
31.434334049411731 
35.484603183377587 
39.949230172582325 
44.862288562715385 
50.260127966740811 
56.181465005708802 
62.667511376284509 
69.762099385327289 
77.511797650071756 
85.966032587301385 
95.177213522443793 
105.200860879959592 
116.095737519192880 
127.923983517138694 
140.751254767324610 
154.646865729611079 
169.683936578071808 
185.939544893876217 
203.494881964489281 
222.435413691626280 
242.851046078110869 
264.836295250273906 
288.490461966289899 
313.917810527471715 
341.227751991843945 
370.535031432536812 
401.959918672497906 
435.628401275607530 
471.672377162960174 
510.229841247144577 
551.445054256001299 
595.468668976831736 
642.457762211389081 
692.575661892040898 
745.991326710851808 
802.877694145553050 
863.407331949090121 
927.738549871210580 
995.947922577027612 
0.693608648906097 
0.693608648915206 
0.693608650071995 
0.693608668826555 
0.693608798141025 
0.693609360513700 
0.693611198724956 
0.693616150212895 
0.693627750988986 
0.693652215011434 
0.693699734954267 
0.693786150357940 
0.693935029249225 
0.694180209518560 
0.694568846711046 
0.695165015526430 
0.696053913380590 
0.697346716056938 
0.699186138030772 
0.701752753802355 
0.705272141887476 
0.710022920350800 
0.716345752207372 
0.724653410712076 
0.735442008102601 
0.749303505587893 
0.766939634964966 
0.789177369375954 
0.816986076873715 
0.851610149949746 
0.894579101389994 
0.947167288663296 
1.011132922033072 
1.088981917645068 
1.182651100654515 
1.295589397622683 
1.430646469233011 
1.591542670899486 
1.781721356621762 
2.006339708148943 
2.270119384352794 
2.578662926924681 
2.938399718816613 
3.356302345339118 
3.839568056209007 
4.396467346040427 
5.035998331114996 
5.768042448931316 
6.603448269631160 
7.553975582370931 
8.632356231110347 
9.852300240813625 
11.228673232306148 
12.777506717351676 
14.516098606203499 
16.463080093307347 
18.638512053649052 
21.063943299101592 
23.762248674326010 
26.757948938923658 
30.077328925792258 
33.748431936439040 
37.801256980790626 
42.267850619645877 
47.182417803449098 
52.581394606674088 
58.503565844688403 
64.990216628548865 
72.085235646477912 
79.835235864432434 
88.289678534255842 
97.500999945286537 
107.524740939681294 
118.419679433324262 
130.247966285957460 
143.075264878703479 
156.970894709340342 
172.007979235599123 
188.263598111785541 
205.818943892655852 
224.759483228642523 
245.175122547402395 
267.160378201662070 
290.814551052800709 
316.241905417123235 
343.551852286308929 
372.859136553628161 
404.284027657756496 
437.952512379760492 
473.996487065756469 
512.553943477103076 
553.769136065512612 
597.792705175139872 
644.781703034498378 
694.899408970126274 
748.314684668103268 
805.200268320471878 
865.728287532439595 
930.055871402588764 
998.254819001981105 
0.000000000000000 
0.000000000000000 
0.000000000000000 
0.000000000000000 
0.000000000000000 
0.000000000000000 
0.000000000000000 
0.000000000000000 
0.000000000000000 
0.000000000000000 
0.000000000000000 
0.000000000000000 
0.000000000000000 
0.000000000000000 
0.000000000000000 
0.000000000000000 
0.000000000000000 
0.000000000000000 
0.000000000000000 
0.000000000000000 
0.000000000000000 
0.000000000000000 
0.000000000000000 
0.000000000000000 
0.000000000000000 
0.000000000000000 
0.000000000000000 
0.000000000000000 
0.000000000000000 
0.000000000000000 
0.000000000000000 
0.000000000000000 
0.000000000000000 
0.029309295972925 
0.072087163652249 
0.124663639411043 
0.189368773014802 
0.271931782473983 
0.376442246516274 
0.523472612630590 
0.704881765761674 
0.928408227020583 
1.200485523031014 
1.537678363725964 
1.943964009784340 
2.426390966232659 
3.000487844182470 
3.674087971486800 
4.457249807291779 
5.362268936258997 
6.401718630263772 
7.588817593089876 
8.937156331631815 
10.461968461009763 
12.179780919220622 
14.108593639203681 
16.267913272246723 
18.679189063364944 
21.365083680784437 
24.349702717044448 
27.658958436305397 
31.320671343928371 
35.364572964199347 
39.822477931169033 
44.728394895789194 
50.118611873274894 
56.031788718184828 
62.509073632310098 
69.594226589321948 
77.333739718381580 
85.776960131767169 
94.976215524810513 
104.986942549245896 
115.867818142502841 
127.680894146021586 
140.491735606453517 
154.369563129045474 
169.387399571205094 
185.622221261958259 
203.155113838892362 
222.071432724279589 
242.460968219843465 
264.418115179590416 
288.042047212047464 
313.436895340880142 
340.711931035576015 
369.981753418173298 
401.366480216710215 
434.991941540291350 
470.989874481804691 
509.498114295415348 
550.660773173953771 
594.628387843432165 
641.557996845465709 
691.613064488794294 
744.963071211611123 
801.782346502937685 
862.246979085626663 
926.525280989437533 
994.734400873901336 
0.704189630327071 
0.704189630336138 
0.704189631487588 
0.704189650155574 
0.704189778873116 
0.704190338649824 
0.704192168375712 
0.704197097007088 
0.704208644232833 
0.704232995326886 
0.704280295912813 
0.704366312413974 
0.704514504064198 
0.704758552553321 
0.705145395748052 
0.705738812564624 
0.706623607121794 
0.707910441970747 
0.709741372742012 
0.712296140287453 
0.715799281691152 
0.720528128743409 
0.726821771905487 
0.735091079506622 
0.745829875534337 
0.759627393778019 
0.777182139008541 
0.799317293568631 
0.826997804759346 
0.861578209243641 
0.904370953660750 
0.956744114067606 
1.020462580189011 
1.098025545722220 
1.191292973550363 
1.303858698597204 
1.438338006327262 
1.598662117059565 
1.788165671526311 
2.011956588096322 
2.274812131712144 
2.582276687963043 
2.940765456718979 
3.357301999393036 
3.839025781004953 
4.394173599100762 
5.031768562009416 
5.761672502897844 
6.594699399139517 
7.542616990555818 
8.618152333939356 
9.835033135320193 
11.208098986453091 
12.753374601735562 
14.488143004937417 
16.431017456180221 
18.602035234594052 
21.022783044305704 
23.716224575960311 
26.706819457170376 
30.020855280889599 
33.686297611634082 
37.733080560020753 
42.193208023330683 
47.100832860485085 
52.492345468721453 
58.406486081535384 
64.884476411376170 
71.970137034962335 
79.710009050211838 
88.153478595232713 
97.352903919905458 
107.363745073934723 
118.244696457473538 
130.057822582034873 
142.868697417087560 
156.746547662407608 
171.764400211687928 
187.999233985869978 
205.532136236137490 
224.448463357698358 
244.838006218391541 
266.795159986090709 
290.419098427352822 
315.813952619783777 
343.088994002354127 
372.358821566115068 
403.743552741852454 
437.369017025766084 
473.366950275097224 
511.875185271944076 
553.037829288178614 
597.005409300120050 
643.934944615582822 
693.989861590297892 
747.339565263853160 
804.158231682840437 
864.621616934143049 
928.897175914424679 
997.098828271451112 
0.000000000000000 
0.000000000000000 
0.000000000000000 
0.000000000000000 
0.000000000000000 
0.000000000000000 
0.000000000000000 
0.000000000000000 
0.000000000000000 
0.000000000000000 
0.000000000000000 
0.000000000000000 
0.000000000000000 
0.000000000000000 
0.000000000000000 
0.000000000000000 
0.000000000000000 
0.000000000000000 
0.000000000000000 
0.000000000000000 
0.000000000000000 
0.000000000000000 
0.000000000000000 
0.000000000000000 
0.000000000000000 
0.000000000000000 
0.000000000000000 
0.000000000000000 
0.000000000000000 
0.000000000000000 
0.000000000000000 
0.000000000000000 
0.000000000000000 
0.025584618507050 
0.068149431105011 
0.120430059404695 
0.184627831826613 
0.266114494088847 
0.368793549894168 
0.513000477799250 
0.692689370127408 
0.914051210462951 
1.183568282797749 
1.516506218678776 
1.919541906955560 
2.398543158380058 
2.967530775328019 
3.637217384712231 
4.415902311587531 
5.316528710554349 
6.351022813727601 
7.533608713179174 
8.877327785527767 
10.397560625510641 
12.110723635095896 
14.034791773981830 
16.189229280581266 
18.595250706713053 
21.275883889980658 
24.255201766760759 
27.559025104813472 
31.215075865267458 
35.253050202738471 
39.704722059511042 
44.604046972152602 
49.987256445665011 
55.892954472128082 
62.362229448880726 
69.438775466191331 
77.169014559675361 
85.602220751565355 
94.790646322908557 
104.789650527570359 
115.657831027755094 
127.457158432349843 
140.253114367815186 
154.114833489084447 
169.115249759998648 
185.331247228730774 
202.843815422192364 
221.738209403241854 
242.104114482184372 
264.035815546494632 
287.632370961016363 
312.997790974180134 
340.241220550219737 
369.477126472970781 
400.825488386242398 
434.411993048430304 
470.368230245519499 
508.831887042296785 
549.946933362458026 
593.863784232784269 
640.739408185078446 
690.737317471658116 
744.027301579137543 
800.784584505581734 
861.187554583251654 
925.410922414485185 
993.596193395918590 
0.714718672277718 
0.714718672286746 
0.714718673433359 
0.714718692022941 
0.714718820199868 
0.714719377625511 
0.714721199666545 
0.714726107597649 
0.714737606324993 
0.714761855144289 
0.714808957067271 
0.714894612297652 
0.715042181538630 
0.715285205012096 
0.715670423433965 
0.716261347822299 
0.717142426061340 
0.718423855803664 
0.720247095823417 
0.722791131654287 
0.726279556620498 
0.730988536567609 
0.737255736018111 
0.745490295197632 
0.756183961052938 
0.769923489929217 
0.787404452795459 
0.809446582119666 
0.837010797314326 
0.871571447199391 
0.914204043712243 
0.966381762466634 
1.029926585514981 
1.107190922004423 
1.200103642403164 
1.312337901190962 
1.446282007910844 
1.606097832499253 
1.794997485148894 
2.018036193192246 
2.280059503754892 
2.586547677049219 
2.943897018969694 
3.359187996468166 
3.839512574935773 
4.393063386341845 
5.028892047828124 
5.756844092197653 
6.587694582757454 
7.533218990802226 
8.606141473259894 
9.820206978727605 
11.190229549838818 
12.732229077582177 
14.463475352720831 
16.402567207732353 
18.569522934797241 
20.985968414701553 
23.674979593191413 
26.660938011239036 
29.970003326059988 
33.630162711392998 
37.671337481258618 
42.125492279932601 
47.026733752389617 
52.411406862299444 
58.318204431601998 
64.788291674822631 
71.865427407556879 
79.596086995029594 
88.029587581367423 
97.218215617503247 
107.217356819459582 
118.085628825059388 
129.885016910990515 
142.681013165697493 
156.542759487147833 
171.543194705176688 
187.759206040275444 
205.271785026341831 
224.166187957830743 
244.532100876539118 
266.463809087237109 
290.060371177211891 
315.425797491667993 
342.669232998618554 
371.905144390409248 
403.253511077518112 
436.840019326310880 
472.796257926405303 
511.259911948322440 
552.374947347455418 
596.291771293093007 
643.167336829483133 
693.165125706286290 
746.454867032725815 
803.211662861967170 
863.613641264020998 
927.834864215908965 
996.014529962248844 
