0.000000000000000 
0.000000000000000 
0.000000000000000 
0.000000000000000 
0.000000000000000 
0.000000000000000 
0.000000000000000 
0.000000000000000 
0.000000000000000 
0.000000000000000 
0.000000000000000 
0.000000000000000 
0.000000000000000 
0.000000000000000 
0.000000000000000 
0.000000000000000 
0.000000000000000 
0.000000000000000 
0.000000000000000 
0.000000000000000 
0.000000000000000 
0.000000000000000 
0.000000000000000 
0.000000000000000 
0.000000000000000 
0.000000000000000 
0.000000000000000 
0.000000000000000 
0.000000000000000 
0.000000000000000 
0.000000000000000 
0.000000000000000 
0.000000000000000 
0.000000000000000 
0.000000000000000 
0.000000000000000 
0.000000000000000 
0.000000000000000 
0.000000000000000 
0.000000000000000 
0.000000000000000 
0.000000000000000 
0.000000000000000 
0.000000000000000 
0.000000000000000 
0.000000000000000 
0.000000000000000 
0.000000000000000 
0.000000000000000 
0.000000000000000 
0.000000000000000 
0.000000000000000 
0.000000000000000 
0.000000000000000 
0.000000000000000 
0.000000000000000 
0.000000000000000 
0.000000000000000 
0.000298278779255 
0.010024838498420 
0.020841729378036 
0.032856125698191 
0.046185238193711 
0.060957294729097 
0.077312263851633 
0.095404350735122 
0.115401404826999 
0.137487302887493 
0.161890262283125 
0.191599917478178 
0.229230250858066 
0.270698715615976 
0.316268804522266 
0.366864089308615 
0.422400887809254 
0.483267120342923 
0.550153579866229 
0.626457095251741 
0.712853369793572 
0.807376028529932 
0.911055094334907 
1.024251571036142 
1.147866973837032 
1.284205740714414 
1.435326057146374 
1.600158221547916 
1.779433165132005 
1.974057051249982 
2.186014757594183 
2.417909405001203 
2.669302159743351 
2.941036893852339 
3.234664232912116 
3.552611262104913 
3.895841325019391 
4.265265682534464 
4.662538013536257 
5.089587833840612 
5.547582912645057 
6.038026916121092 
6.562962873017366 
7.123969864395162 
7.722548889143129 
8.360664715790922 
9.040053502548888 
9.762612647674136 
10.530319582043351 
11.345196003184054 
12.209459710265286 
13.125289057696151 
14.094933829958112 
15.120755988417674 
16.205210312738540 
17.350858935173857 
18.560364741227669 
19.836498626437038 
21.182139757753447 
22.600278617003877 
24.094018938634136 
25.666579891649626 
27.321298530259330 
29.061658821720428 
30.891232659120369 
32.813708707079051 
34.832909347627599 
36.952790787598580 
39.177443990418624 
41.511095055914602 
43.958107720961962 
46.522986791157848 
49.210381297801916 
52.025087720286322 
54.972053337546413 
58.056379673798332 
61.283326020295704 
64.658313027652170 
68.186926367330813 
71.874920461642844 
75.728222281180450 
79.752935207926512 
83.955342961681254 
88.341913587057377 
92.919303498150867 
97.694361578079423 
102.674133330879386 
107.865865083706353 
113.277008237857927 
118.915223567769800 
124.788385567769183 
130.904586846961365 
137.272142573115104 
143.899594966775112 
150.795717847032790 
157.969521230405178 
165.430255984098523 
173.187418534565040 
181.250755631665612 
189.630269167942998 
198.336221051435643 
207.379138129460188 
216.769817156976529 
226.519329802745347 
236.639027696316845 
247.140547478493147 
258.035815854403097 
269.337054621990319 
281.056785615819081 
293.207835153163558 
305.803339906018664 
318.856750424345762 
332.381835613530541 
346.392686511320164 
360.903719495117912 
375.929678730131798 
391.485637615501730 
407.586998917457663 
424.249493191384715 
441.489174982491022 
459.322416149161825 
477.765895462033654 
496.836583377589193 
516.551720540888255 
536.928788096802236 
557.985467217923656 
579.739584284395505 
602.209036706429288 
625.411692218744406 
649.365250706620714 
674.087052630904964 
699.593808723157395 
725.901209533374981 
753.023345418679014 
780.971814885953108 
809.754296143609963 
839.372143060186659 
869.816093708120434 
901.058051983634641 
933.034000936774760 
965.605046723893679 
998.310261098916044 
0.663762163922794 
0.663762163922863 
0.663762163931687 
0.663762164074735 
0.663762165061065 
0.663762169350497 
0.663762183371236 
0.663762221138116 
0.663762309621594 
0.663762496217663 
0.663762858668824 
0.663763517786288 
0.663764653323559 
0.663766523351567 
0.663769487485556 
0.663774034313928 
0.663780813379348 
0.663790672062452 
0.663804697718672 
0.663824265418882 
0.663851091644868 
0.663887294291058 
0.663935459324534 
0.663998714456210 
0.664080810177130 
0.664186208515390 
0.664320179871134 
0.664488908289626 
0.664699605535751 
0.664960634337439 
0.665281641170807 
0.665673698966402 
0.666149460124019 
0.666724550998739 
0.667415213299339 
0.668239166072591 
0.669217201265212 
0.670372632789611 
0.671731520919661 
0.673322910142881 
0.675179081007842 
0.677335816539952 
0.679832683837094 
0.682713331498776 
0.686025803588143 
0.689822870874632 
0.694162380155246 
0.699107622502784 
0.704727721337844 
0.711098041265236 
0.718300618651258 
0.726424614941804 
0.735566793727673 
0.745878623926231 
0.757434429099296 
0.770355720648251 
0.784775529413896 
0.800837302430585 
0.818722183339015 
0.838617171042118 
0.860660431394758 
0.885044169495584 
0.912028457913934 
0.941814082778382 
0.974611212211734 
1.010782914198175 
1.050536638842088 
1.094174296876877 
1.142068469960630 
1.194511690654622 
1.252110583879921 
1.315036204099340 
1.383894390239225 
1.458938881620734 
1.540629816735412 
1.629589324786273 
1.726234598887910 
1.831248719209275 
1.945192045664705 
2.068631789237691 
2.202259122582184 
2.347001057398592 
2.503361362580320 
2.672126003579258 
2.854126504741413 
3.050200546505182 
3.261391642824464 
3.488565159010887 
3.732667013439017 
3.994718891619634 
4.275818435758445 
4.577130589062770 
4.899871428149198 
5.245266174177992 
5.614602068849017 
6.009154363773561 
6.430328869431706 
6.879568670831924 
7.358387073629662 
7.868369198075225 
8.411149815687242 
8.988418928894664 
9.601940672461950 
10.253547559497740 
10.945138319183293 
11.678688484154325 
12.456248605004458 
13.279947741796196 
14.151993779734243 
15.074669471127427 
16.050342289068471 
17.081467467248853 
18.170589167246725 
19.320345508955391 
20.533470057433011 
21.812795513311421 
23.161255889991779 
24.581889495413037 
26.077841690513576 
27.652368266946858 
29.308838351788300 
31.050736560128186 
32.881662385159281 
34.805336766731450 
36.825605727659230 
38.946442634744841 
41.171950299449598 
43.506364874523172 
45.954059392649967 
48.519546764638591 
51.207483121335798 
54.022671286827190 
56.970064266087789 
60.054768777575525 
63.282048841672520 
66.657329428778112 
70.186200168474173 
73.874419119945202 
77.727916602998988 
81.752799088430507 
85.955353146059934 
90.342049448547385 
94.919546829036378 
99.694696390785225 
104.674545667202693 
109.866342831064003 
115.277540952124895 
120.915802302825853 
126.789002712242933 
132.905235968867146 
139.272818273126916 
145.900292740799756 
152.796433958546203 
159.970252592739428 
167.431000052528134 
175.188173207665187 
183.251519161014613 
191.631040074823659 
200.336998048749820 
209.379920046222338 
218.770602864111538 
228.520118139399301 
238.639817382137153 
249.141337016643547 
260.036603417072172 
271.337837910083294 
283.057561710669006 
295.208600766859774 
307.804090494230877 
320.857480140464304 
334.382536937035070 
348.393349780375559 
362.904332319420234 
377.930225254509708 
393.486097597926346 
409.587346576535083 
426.249695767541539 
443.489190943101903 
461.322192949590999 
479.765366750136991 
498.835665495812918 
518.550308133314957 
538.926748561385580 
559.982633645818169 
581.735746382640855 
604.203928973484039 
627.404978191845544 
651.356501666181202 
676.075718106721069 
701.579174372754665 
727.882334977380879 
754.998968877630091 
782.940200125381921 
811.712973320859760 
841.317440476430988 
871.742219400083513 
902.955082169296020 
934.882707741176773 
967.360349835412990 
1000.000000000000000 
0.000000000000000 
0.000000000000000 
0.000000000000000 
0.000000000000000 
0.000000000000000 
0.000000000000000 
0.000000000000000 
0.000000000000000 
0.000000000000000 
0.000000000000000 
0.000000000000000 
0.000000000000000 
0.000000000000000 
0.000000000000000 
0.000000000000000 
0.000000000000000 
0.000000000000000 
0.000000000000000 
0.000000000000000 
0.000000000000000 
0.000000000000000 
0.000000000000000 
0.000000000000000 
0.000000000000000 
0.000000000000000 
0.000000000000000 
0.000000000000000 
0.000000000000000 
0.000000000000000 
0.000000000000000 
0.000000000000000 
0.000000000000000 
0.000000000000000 
0.000000000000000 
0.000000000000000 
0.000000000000000 
0.000000000000000 
0.000000000000000 
0.000000000000000 
0.000000000000000 
0.000000000000000 
0.000000000000000 
0.000000000000000 
0.000000000000000 
0.000000000000000 
0.000000000000000 
0.000000000000000 
0.000000000000000 
0.000000000000000 
0.000000000000000 
0.000000000000000 
0.000000000000000 
0.000000000000000 
0.000000000000000 
0.000000000000000 
0.000000000000000 
0.000000000000000 
0.000000000000000 
0.000000000000000 
0.003198480253803 
0.013909910459667 
0.025802410888746 
0.038990330525478 
0.053598810837734 
0.069764682990065 
0.087636510951555 
0.107377428591051 
0.129165757594893 
0.153197597560207 
0.179765284820887 
0.212954506820390 
0.253796739623276 
0.298666721050513 
0.347993506479642 
0.402561439867145 
0.462420318855783 
0.527946184684539 
0.599684898414069 
0.681737607236545 
0.774502732861780 
0.875804141769021 
0.986618245480167 
1.107599792082213 
1.239494921487126 
1.384637445928135 
1.545369195646381 
1.720681696078037 
1.911201077586700 
2.117851965009855 
2.342444167393630 
2.587575153442459 
2.853694003689825 
3.141179390429990 
3.451429137932138 
3.786761945438112 
4.148740867599598 
4.538186464075903 
4.956724274585656 
5.406291989761394 
5.888346801281545 
6.404288708543761 
6.956044729204304 
7.545395040969996 
8.174270928397702 
8.844322122084757 
9.557518174471861 
10.315841593075927 
11.121281590016112 
11.975979220189483 
12.882109388303999 
13.841956906959297 
14.858001518843929 
15.932625871830659 
17.068391655642589 
18.267913620150264 
19.533942303006391 
20.869320591252126 
22.277010174471762 
23.760082890267636 
25.321726632868629 
26.965246192058316 
28.694066639328128 
30.511735715324914 
32.421926575563461 
34.428440690881274 
36.535230159452666 
38.746360544568638 
41.066016976218172 
43.498526850588306 
46.048361993114540 
48.720140070443996 
51.518626537294210 
54.448737552776031 
57.515543184711291 
60.724270768757449 
64.080308375654369 
67.589208369498692 
71.256691050431101 
75.088648378513724 
79.091147776289318 
83.270436007268060 
87.632943127092602 
92.185286503673638 
96.934274902294092 
101.886912631616298 
107.050403746690620 
112.432156305463096 
118.039786675871795 
123.881123891358641 
129.964214053454043 
136.297324780943086 
142.888949705938728 
149.747813017917707 
156.882874057366195 
164.303331961114537 
172.018630361703742 
180.038462143205152 
188.372774255837982 
197.031772591499333 
206.025926921959126 
215.365975901012973 
225.062932131298652 
235.128087295808115 
245.573017353319131 
256.409587795994639 
267.649958966215536 
279.306591428185982 
291.392251387903343 
303.920016152493645 
316.903279616472560 
330.355757757865604 
344.291494120876564 
358.724865253393261 
373.670586056251977 
389.143714985854103 
405.159659031037222 
421.734178357085227 
438.883390471835128 
456.623773717163601 
474.972169818359134 
493.945785126150781 
513.562190049501169 
533.839315983631195 
554.795448758583916 
576.449217226274868 
598.819574782556401 
621.925772373867176 
645.787316042482871 
670.423902643173847 
695.855323672974919 
722.101316728605411 
749.181330496092983 
777.114139486390968 
805.917182133770893 
835.605353088259221 
866.188623228664710 
897.666856065448314 
930.016849905086929 
963.150033752553327 
996.640719666963605 
0.693922976076895 
0.693922976076964 
0.693922976085693 
0.693922976227220 
0.693922977203057 
0.693922981446853 
0.693922995318424 
0.693923032683497 
0.693923120225592 
0.693923304836446 
0.693923663431454 
0.693924315536502 
0.693925438992674 
0.693927289125249 
0.693930221723460 
0.693934720177510 
0.693941427119380 
0.693951180914059 
0.693965057347941 
0.693984416861330 
0.694010957672252 
0.694046775139193 
0.694094427710915 
0.694157009812258 
0.694238232015903 
0.694342508851399 
0.694475054604615 
0.694641987463123 
0.694850442366056 
0.695108692920846 
0.695426282754122 
0.695814166670095 
0.696284861997236 
0.696852610513235 
0.697533551349309 
0.698345905288271 
0.699310170886708 
0.700449332870366 
0.701789083273838 
0.703358055821096 
0.705188074072667 
0.707314413898354 
0.709776080871587 
0.712616103222573 
0.715881841032170 
0.719625312396223 
0.723903537340207 
0.728778900314926 
0.734319532154053 
0.740617493560998 
0.747745080445889 
0.755784342769739 
0.764830983109685 
0.774988711607013 
0.786369766303404 
0.799095459765929 
0.813304404428252 
0.829194808538872 
0.846861906252404 
0.866469986852271 
0.888195604738347 
0.912292223334956 
0.938926678621179 
0.968297118793107 
1.000703080462694 
1.036396117458577 
1.075586734251871 
1.118685245657095 
1.165896202762794 
1.217644810170802 
1.274242787500787 
1.336270293826573 
1.404046363861255 
1.478112361035087 
1.558723726028385 
1.646498276317488 
1.741872283374692 
1.845418338944546 
1.957893717295301 
2.079717813990455 
2.211559518022566 
2.354295893418814 
2.508644523596086 
2.675288496544354 
2.855017507209111 
3.048650952815185 
3.257223946860615 
3.481569692384165 
3.722711596755838 
3.981676923228837 
4.259520265014848 
4.557366788380786 
4.876436131503466 
5.218021685967086 
5.583317999183985 
5.973618353619195 
6.390324571846271 
6.834900392950811 
7.308851394492361 
7.813739494377959 
8.351204395168986 
8.922955258612230 
9.530759074274313 
10.176442906894353 
10.861898185315587 
11.589098210152789 
12.360086166343763 
13.176981333054851 
14.041986631254069 
14.957385305529336 
15.925549906025182 
16.948939845403373 
18.030084601593451 
19.171612988319705 
20.376242480338966 
21.646791832938071 
22.986178641151646 
24.397424677591349 
25.883654670326447 
27.448103676962802 
29.094119119395110 
30.825163700669759 
32.644818590164284 
34.556786773084319 
36.564895129253401 
38.673099603992576 
40.885479143275830 
43.206243317317643 
45.639739743306286 
48.190455410863144 
50.863019562590580 
53.662207382410003 
56.592943492460321 
59.660305440201796 
62.869527231491560 
66.226002923877147 
69.735290284859047 
73.403114516938075 
77.235372049848422 
81.238134399404515 
85.417652091618748 
89.780358650133181 
94.332874644560320 
99.082011797072454 
104.034777144516156 
109.198377253461587 
114.580222485914078 
120.187931313881279 
126.029334681562389 
132.112480414568466 
138.445637676232565 
145.037301471684032 
151.896197200903941 
159.031285262408375 
166.451765709507697 
174.167082961255716 
182.186930570224433 
190.521256049132461 
199.180265758122601 
208.174429854143227 
217.514487303454928 
227.211450957730818 
237.276612693574180 
247.721548614490558 
258.558124313376197 
269.798500192388872 
281.455136835494557 
293.540800426965404 
306.068568206403313 
319.051833947264413 
332.504313441030945 
346.440049962652211 
360.873419684114936 
375.819136991162736 
391.292259642231272 
407.308193687160156 
423.882698034128907 
441.031888513877448 
458.772241236588741 
477.120594963263443 
496.094152111741437 
515.710477875162383 
535.987496728603446 
556.943485308086451 
578.597060223108201 
600.967158794182183 
624.073010208033566 
647.934090719183132 
672.570056374369074 
698.000641802239898 
724.245503672693644 
751.323972536840301 
779.254644933758527 
808.054680758859718 
837.738518967428945 
868.315349072962817 
899.783646234969638 
932.117798997476939 
965.225102698143701 
998.622463781783949 
0.000000000000000 
0.000000000000000 
0.000000000000000 
0.000000000000000 
0.000000000000000 
0.000000000000000 
0.000000000000000 
0.000000000000000 
0.000000000000000 
0.000000000000000 
0.000000000000000 
0.000000000000000 
0.000000000000000 
0.000000000000000 
0.000000000000000 
0.000000000000000 
0.000000000000000 
0.000000000000000 
0.000000000000000 
0.000000000000000 
0.000000000000000 
0.000000000000000 
0.000000000000000 
0.000000000000000 
0.000000000000000 
0.000000000000000 
0.000000000000000 
0.000000000000000 
0.000000000000000 
0.000000000000000 
0.000000000000000 
0.000000000000000 
0.000000000000000 
0.000000000000000 
0.000000000000000 
0.000000000000000 
0.000000000000000 
0.000000000000000 
0.000000000000000 
0.000000000000000 
0.000000000000000 
0.000000000000000 
0.000000000000000 
0.000000000000000 
0.000000000000000 
0.000000000000000 
0.000000000000000 
0.000000000000000 
0.000000000000000 
0.000000000000000 
0.000000000000000 
0.000000000000000 
0.000000000000000 
0.000000000000000 
0.000000000000000 
0.000000000000000 
0.000000000000000 
0.000000000000000 
0.000000000000000 
0.000000000000000 
0.007998481464658 
0.019804383811860 
0.032892341139633 
0.047384659249799 
0.063415128451008 
0.081129951961215 
0.100688460402634 
0.122265952042659 
0.146052201920252 
0.172255232615572 
0.201157132860081 
0.239866482845299 
0.284225487957504 
0.332896044841665 
0.386481653679291 
0.445558737208565 
0.510263775086102 
0.581020104112892 
0.658456851686029 
0.748234425918939 
0.848076767563911 
0.957057196785180 
1.076074040763371 
1.205856542347311 
1.347301687452393 
1.503148860437399 
1.675257774988059 
1.862546099487561 
2.065922470260550 
2.286346326197124 
2.525830832458977 
2.786864939880459 
3.069686729741982 
3.375181637339558 
3.704637544930705 
4.060401640010141 
4.444007719831280 
4.856361585386836 
5.299264558884760 
5.774706999000536 
6.284137402870847 
6.829034351165207 
7.411403026661826 
8.033075927280423 
8.695827309202032 
9.401879002555777 
10.152958447204693 
10.951136506681884 
11.798600482612359 
12.697455653603443 
13.650014365087902 
14.658614241179590 
15.725709690802901 
16.853931485512536 
18.045894315898202 
19.304317087798147 
20.632027481811559 
22.031962952570268 
23.507180644052212 
25.060851097285699 
26.696253154108643 
28.416787945903941 
30.225979226593982 
32.127476645997334 
34.125060369752347 
36.222640334265307 
38.424258136807495 
40.734090394490174 
43.156462253476690 
45.695842499612041 
48.356819137001906 
51.144131712094698 
54.062672051567098 
57.117486646835644 
60.313779593011532 
63.656915788507021 
67.152424299770431 
70.806001854154871 
74.623516443705469 
78.611011029979721 
82.774707342882763 
87.121009767650264 
91.656509314555890 
96.387987666082878 
101.322421296386878 
106.466985657993860 
111.829059430906909 
117.416228829672136 
123.236291964494058 
129.297263253190067 
135.607377881588604 
142.175096310873641 
149.009108831290519 
156.118340162505518 
163.511954101681511 
171.199358220984607 
179.190208616695571 
187.494414712392313 
196.122144118770564 
205.083827552591629 
214.390163817025126 
224.052124845283970 
234.080960808971241 
244.488205291982069 
255.285680530107584 
266.485502715701841 
278.100087365812385 
290.142154751027306 
302.624735380853281 
315.561175539576539 
328.965142864156064 
342.850631952474032 
357.231969985981721 
372.123822345014105 
387.541198187281452 
403.499455949602179 
420.014308718840880 
437.101829399018129 
454.778455575876706 
473.060993945341579 
491.966624124889165 
511.512901601705778 
531.717759481313010 
552.599508573886396 
574.176835176436953 
596.468795644335842 
619.494806675501991 
643.274629149349948 
667.828342631266992 
693.176306400671137 
719.339099973394582 
746.337431416968116 
774.191992962439599 
802.923225813214003 
832.550918310010275 
863.093473444754409 
894.566452123894351 
926.979296754586926 
960.325876291979625 
994.529923317872317 
0.724975027282193 
0.724975027282260 
0.724975027290872 
0.724975027430491 
0.724975028393173 
0.724975032579761 
0.724975046264336 
0.724975083125712 
0.724975169487698 
0.724975351609914 
0.724975705370896 
0.724976348685268 
0.724977456996740 
0.724979282188697 
0.724982175254191 
0.724986613067158 
0.724993229596721 
0.725002851906569 
0.725016541281484 
0.725035639823329 
0.725061822859057 
0.725097157503766 
0.725144167722339 
0.725205906234092 
0.725286033605860 
0.725388904880452 
0.725519664089309 
0.725684347000662 
0.725889992457714 
0.726144762665422 
0.726458072789572 
0.726840730238229 
0.727305084003509 
0.727865184451293 
0.728536953958166 
0.729338368808955 
0.730289652784997 
0.731413482893084 
0.732735207708212 
0.734283078830173 
0.736089514243275 
0.738200803220902 
0.740645028517116 
0.743464905540701 
0.746707448203829 
0.750424292090696 
0.754672035114137 
0.759512596467652 
0.765013594730569 
0.771248746032085 
0.778298283223181 
0.786249397040274 
0.795196700267062 
0.805242715906402 
0.816527095069544 
0.829186448330183 
0.843313345693363 
0.859048152615112 
0.876542038813022 
0.895964248230129 
0.917545061451890 
0.941416454291823 
0.967780057220976 
0.996909015274657 
1.029053421049441 
1.064396096335941 
1.103280945647624 
1.145976636735591 
1.192755897058933 
1.244054088972793 
1.300092540578616 
1.361490163606259 
1.428446555349155 
1.501814075202918 
1.581678017563596 
1.668631232374102 
1.763168556133840 
1.865748489682277 
1.977153373601836 
2.097888102098720 
2.228553268253071 
2.369906627563054 
2.522803117219541 
2.687942583835596 
2.866104164285664 
3.058049238877101 
3.264812088402345 
3.487221986130906 
3.726275766752647 
3.983035211233063 
4.258583209528722 
4.554018034919769 
4.870525586492636 
5.209386502954596 
5.571807932591101 
5.959108013127643 
6.372657625016770 
6.813912991002706 
7.284397039489113 
7.785675311964755 
8.319365663307332 
8.887166286652860 
9.490853344745915 
10.132258189732125 
10.813283506601062 
11.535909643377783 
12.302160085635341 
13.114156651817408 
13.974101245098939 
14.884263269395143 
15.847009755328209 
16.864787839985929 
17.940138072953758 
19.075704698752137 
20.274200338481524 
21.538433077039542 
22.871313892763261 
24.275885736605748 
25.755236366073746 
27.312580054508771 
28.951250848257203 
30.674697873622360 
32.486487579515433 
34.390312635027662 
36.389982482930122 
38.489431175495604 
40.692723242008725 
43.004055429260312 
45.427765830395060 
47.968329774835659 
50.630358732653903 
53.418608616723702 
56.337984313765261 
59.393543294426962 
62.590499104605044 
65.934224890601598 
69.430256990005958 
73.084298595484853 
76.902223492818280 
80.890079872719781 
85.054094215141490 
89.400675244190310 
93.936417951312009 
98.668107684018665 
103.602724297163121 
108.747446363632264 
114.109655441363273 
119.696940393786093 
125.517101761169755 
131.578156180859281 
137.888340855016907 
144.456118065164418 
151.290179733530380 
158.399452031866701 
165.793100038983908 
173.480532448735516 
181.471406330502617 
189.775631944427857 
198.403377613678032 
207.365074655907421 
216.671422375872538 
226.333393120789964 
236.362237399586178 
246.769489066648930 
257.566970570021056 
268.766798263225155 
280.381387778953979 
292.423459461709115 
304.906043855004498 
317.842487236828788 
331.246457194579762 
345.131948227327769 
359.513287358816910 
374.405139738626474 
389.822514200854641 
405.780768738877100 
422.295615840119012 
439.383127605158336 
457.059740548914078 
475.342259945675551 
494.247863530723748 
513.794104303943868 
533.998912087479994 
554.880593358472538 
576.457828692371436 
598.749666891913876 
621.775514671062297 
645.555119588115645 
670.108543294968285 
695.456120762501882 
721.618398049882671 
748.616036288468763 
776.469660169227495 
805.199610396172602 
834.825519042193150 
865.365531707496302 
896.834752097283626 
929.241722815341291 
962.578143504623995 
996.756997906515380 
0.000000000000000 
0.000000000000000 
0.000000000000000 
0.000000000000000 
0.000000000000000 
0.000000000000000 
0.000000000000000 
0.000000000000000 
0.000000000000000 
0.000000000000000 
0.000000000000000 
0.000000000000000 
0.000000000000000 
0.000000000000000 
0.000000000000000 
0.000000000000000 
0.000000000000000 
0.000000000000000 
0.000000000000000 
0.000000000000000 
0.000000000000000 
0.000000000000000 
0.000000000000000 
0.000000000000000 
0.000000000000000 
0.000000000000000 
0.000000000000000 
0.000000000000000 
0.000000000000000 
0.000000000000000 
0.000000000000000 
0.000000000000000 
0.000000000000000 
0.000000000000000 
0.000000000000000 
0.000000000000000 
0.000000000000000 
0.000000000000000 
0.000000000000000 
0.000000000000000 
0.000000000000000 
0.000000000000000 
0.000000000000000 
0.000000000000000 
0.000000000000000 
0.000000000000000 
0.000000000000000 
0.000000000000000 
0.000000000000000 
0.000000000000000 
0.000000000000000 
0.000000000000000 
0.000000000000000 
0.000000000000000 
0.000000000000000 
0.000000000000000 
0.000000000000000 
0.000000000000000 
0.000000000000000 
0.000000000000000 
0.002803340873226 
0.014544166386078 
0.027556284360848 
0.041960777922566 
0.057889327113931 
0.075485858423222 
0.094907158042518 
0.116323859128609 
0.139922708132184 
0.165907964727216 
0.194503647200551 
0.227897221704913 
0.271882028603464 
0.320103370272472 
0.372984683593372 
0.431304012696723 
0.495360046701964 
0.565399290681132 
0.641918467598724 
0.726743679709024 
0.824937823548750 
0.932588635571087 
1.050062436320065 
1.178174799601613 
1.317713305732949 
1.469983374842765 
1.638106239824590 
1.822883390948491 
2.023468527076628 
2.241079033598607 
2.476809445530886 
2.733055167123221 
3.011864336051827 
3.313289227996691 
3.638673787394504 
3.989429712778285 
4.367943871650970 
4.775524212215069 
5.213232289487096 
5.682946594288588 
6.186950640602539 
6.726478451918211 
7.303120272079010 
7.919026928077740 
8.576057755817381 
9.275938740749867 
10.021111869767674 
10.813408996007764 
11.654859020010075 
12.547810764444955 
13.494426264039397 
14.497083171239993 
15.558225252479790 
16.680374632787007 
17.866183801677561 
19.118506952031726 
20.440082258044924 
21.833876468453333 
23.302888740675236 
24.850285054719869 
26.479318718709337 
28.193378025326076 
29.995967970238762 
31.890722034456878 
33.881401871852461 
35.971900497382904 
38.166243547581047 
40.468592093086038 
42.883245382449957 
45.414645153282265 
48.067378209858106 
50.846195096585397 
53.755975275912618 
56.801742314020217 
59.988680409237162 
63.322135679290824 
66.807618783099969 
70.450808089221766 
74.257553112641418 
78.233878114886082 
82.385985825266999 
86.720261264536660 
91.243275661066534 
95.961790452879882 
100.882761369987307 
106.013342591819992 
111.360890974695565 
116.932970344415992 
122.737355849383363 
128.782038370075242 
135.075228981336238 
141.625363464700825 
148.441106868820754 
155.531358116971376 
162.905254661496599 
170.572177185874978 
178.541754355785855 
186.823867621103687 
195.428656071124749 
204.366521345515991 
213.648132603501267 
223.284431553646868 
233.286637546322140 
243.666252730504368 
254.435067276064842 
265.605164662063260 
277.188927030831792 
289.199040606772257 
301.648501177749438 
314.550619635670444 
327.919027571231140 
341.767682915693854 
356.110875619804460 
370.963233356284661 
386.339727227420269 
402.255677452690918 
418.726759002522613 
435.769007132345223 
453.398822755111496 
471.632977568786714 
490.488618826072411 
509.983273593822673 
530.134852295168457 
550.961651252192723 
572.482353842311568 
594.716029734820609 
617.682131513781655 
641.400487590815146 
665.891289801565335 
691.175073390422767 
717.272685825536428 
744.205238720540024 
771.994033276616165 
800.660442313648559 
830.225717012335053 
860.710653517472565 
892.134974085471185 
924.516049772190968 
957.865636665692250 
992.174070920078634 
0.755389777766082 
0.755389777766149 
0.755389777774761 
0.755389777914390 
0.755389778877141 
0.755389783064023 
0.755389796749564 
0.755389833613539 
0.755389919981616 
0.755390102116674 
0.755390455902601 
0.755391099262335 
0.755392207651947 
0.755394032972562 
0.755396926241931 
0.755401364367489 
0.755407981362787 
0.755417604349259 
0.755431294685391 
0.755450394565519 
0.755476579430769 
0.755511916534936 
0.755558930008688 
0.755620672766064 
0.755700805598236 
0.755803683800728 
0.755934451681881 
0.756099145302520 
0.756304803799487 
0.756559589649177 
0.756872918231599 
0.757255597060920 
0.757719975055216 
0.758280102226379 
0.758951900181174 
0.759753343836486 
0.760704654766209 
0.761828506614250 
0.763150243028122 
0.764698108590821 
0.766503493255444 
0.768601190817478 
0.771029671994095 
0.773831372718048 
0.777052998295827 
0.780745844125259 
0.784966133715974 
0.789775374806352 
0.795240734421076 
0.801435433762579 
0.808439163874826 
0.816355610073070 
0.825276758408386 
0.835293216772600 
0.846515542118729 
0.859063213743782 
0.873065195731804 
0.888660526896353 
0.906054525581295 
0.925385266983507 
0.946802457088546 
0.970492666954372 
0.996710257702499 
1.025676651071762 
1.057570177365809 
1.092688894257159 
1.131350197947158 
1.173741235984664 
1.220264670984769 
1.271180397472683 
1.326907425469562 
1.387821343010739 
1.454366024624513 
1.526975546977851 
1.606280930524042 
1.692585446531981 
1.786504024525315 
1.888416543442522 
1.998997595126767 
2.118928649159014 
2.248715828449946 
2.389050455996792 
2.540869892628336 
2.704851010888027 
2.881782580275794 
3.072485123800778 
3.277853671922933 
3.498820910924175 
3.736311328925584 
3.991387893921703 
4.265156556599446 
4.558745518524292 
4.873300743255777 
5.210092191270237 
5.570312602274052 
5.955305916324514 
6.366446732772243 
6.805164266337524 
7.272972780252845 
7.771461604270593 
8.302257963110044 
8.867033385293769 
9.467552178361771 
10.105661187197727 
10.783256490724327 
11.502308485837547 
12.264886402807264 
13.073088231709509 
13.929099596917414 
14.835212376994605 
15.793773224003147 
16.807230421636618 
17.878162188465907 
19.009181450273875 
20.202978806307772 
21.462393438922156 
22.790305347119105 
24.189734386994672 
25.663779228638774 
27.215654186148065 
28.848683682401806 
30.566307978049295 
32.372083818870202 
34.269690327054604 
36.262927940986515 
38.355721643641452 
40.552125335158919 
42.856324925736452 
45.272643513389397 
47.805543052856834 
50.459625810415865 
53.239640331689941 
56.150480869595228 
59.197191034647489 
62.384969212736166 
65.719172800627490 
69.205321968451045 
72.849103348027668 
76.656373753134929 
80.633163961467588 
84.785682566638783 
89.120319901978036 
93.643652035507188 
98.362444834367565 
103.283658096329319 
108.414449745585031 
113.762180089791954 
119.334416135256987 
125.138935957273972 
131.183733122911093 
137.477021163992276 
144.027238098584007 
150.843050999958507 
157.933360612694486 
165.307306016249186 
172.974269336964568 
180.943880509984126 
189.226022092961415 
197.830834133699369 
206.768719093964677 
216.050346831704019 
225.686659643713654 
235.688877370539728 
246.068502564999335 
256.837325725211485 
268.007430592454000 
279.591199513439506 
291.601318865767553 
304.050784544267685 
316.952907504641587 
330.321319359153676 
344.169978016946970 
358.513173358684980 
373.365532931422024 
388.742027644489553 
404.657977440363709 
421.129056905291520 
438.171300772123175 
455.801109251216644 
474.035253102892284 
492.890878334674596 
512.385510365402524 
532.537057441966681 
553.363813016608219 
574.884456684274937 
597.118053128375550 
620.084048365277795 
643.802262120292880 
668.292874669527464 
693.576405766240669 
719.673681910597679 
746.605785933889706 
774.393978757971240 
803.059575332084478 
832.623740670733355 
863.107136239471174 
894.529259291013204 
926.907067565726265 
960.251408887865409 
994.549097636888973 
0.000000000000000 
0.000000000000000 
0.000000000000000 
0.000000000000000 
0.000000000000000 
0.000000000000000 
0.000000000000000 
0.000000000000000 
0.000000000000000 
0.000000000000000 
0.000000000000000 
0.000000000000000 
0.000000000000000 
0.000000000000000 
0.000000000000000 
0.000000000000000 
0.000000000000000 
0.000000000000000 
0.000000000000000 
0.000000000000000 
0.000000000000000 
0.000000000000000 
0.000000000000000 
0.000000000000000 
0.000000000000000 
0.000000000000000 
0.000000000000000 
0.000000000000000 
0.000000000000000 
0.000000000000000 
0.000000000000000 
0.000000000000000 
0.000000000000000 
0.000000000000000 
0.000000000000000 
0.000000000000000 
0.000000000000000 
0.000000000000000 
0.000000000000000 
0.000000000000000 
0.000000000000000 
0.000000000000000 
0.000000000000000 
0.000000000000000 
0.000000000000000 
0.000000000000000 
0.000000000000000 
0.000000000000000 
0.000000000000000 
0.000000000000000 
0.000000000000000 
0.000000000000000 
0.000000000000000 
0.000000000000000 
0.000000000000000 
0.000000000000000 
0.000000000000000 
0.000000000000000 
0.000000000000000 
0.000000000000000 
0.000000000000000 
0.000000000000000 
0.000000000000000 
0.000509027502918 
0.015282984801404 
0.031713200085874 
0.049978886376290 
0.070280349645751 
0.092838694189921 
0.117902339557343 
0.145753900925264 
0.176733371698565 
0.212996896281767 
0.253512718378227 
0.298634584890534 
0.353849163076634 
0.419021424747718 
0.490927546295037 
0.570503813671323 
0.659305569847108 
0.757898930557093 
0.867292926144218 
0.987776344817147 
1.123230294384253 
1.273417783185006 
1.438535723875207 
1.619556909541594 
1.817264964122927 
2.032771003238156 
2.268893168726680 
2.525889718246451 
2.804370871235387 
3.105757610326643 
3.431401917253579 
3.782882461644042 
4.160979697414612 
4.567348516272586 
5.003428161797702 
5.470480649845840 
5.969893543250894 
6.503336653080435 
7.072535162603852 
7.679068198137318 
8.324649696578387 
9.011109459454417 
9.740328104014843 
10.514293748772438 
11.335066822726048 
12.204861097101620 
13.125928571360738 
14.100548456859638 
15.131139210928072 
16.220203887316064 
17.370352717949466 
18.584292557794484 
19.864834308483154 
21.214893626225717 
22.637493875196153 
24.135768390401182 
25.712962876567971 
27.372449075789621 
29.117719442953508 
30.952353764760172 
32.880067172374382 
34.904704176750755 
37.030239983285078 
39.260781892058674 
41.600570678252872 
44.053984754707926 
46.625543550429427 
49.319910574448556 
52.141896727351387 
55.096463783221054 
58.188727921062579 
61.423963300601997 
64.807605692926586 
68.345256172731396 
72.042684874904083 
75.905834815696750 
79.940825777310067 
84.153958253897883 
88.551717456568738 
93.140777374810000 
97.928004891838839 
102.920463951658178 
108.125419776014937 
113.550343129986175 
119.202914635500804 
125.091029132688135 
131.222800089490420 
137.606564060427445 
144.250885195731200 
151.164559802249926 
158.356620957526872 
165.836343178279918 
173.613247144140985 
181.697104476929383 
190.097942574930869 
198.826049500600561 
207.891978926588365 
217.306555101198512 
227.080877812791243 
237.226327572371844 
247.754570612040311 
258.677563950232127 
270.007560431449065 
281.757113704642734 
293.939083082264176 
306.566638406139532 
319.653264440128510 
333.212765125571082 
347.259267375149591 
361.807224297933772 
376.871417665804358 
392.466959377550040 
408.609291607881232 
425.314185239713311 
442.597736062935041 
460.476358072282039 
478.966772997552880 
498.085994931330333 
517.851308552234855 
538.280238928237964 
559.390510148679596 
581.199988937715489 
603.726607780753511 
626.988259807299414 
651.002652737377730 
675.787103591537402 
701.358244220545316 
727.731586694742532 
754.920859704980330 
782.936950769382065 
811.786126282933992 
841.466822912544899 
871.963325161279272 
903.231759077197694 
935.163849404861367 
967.472965932321358 
999.326414220314064 
0.628076329789156 
0.628076329789225 
0.628076329798107 
0.628076329942101 
0.628076330934952 
0.628076335252736 
0.628076349366154 
0.628076387382678 
0.628076476451044 
0.628076664280538 
0.628077029127552 
0.628077692601881 
0.628078835645236 
0.628080718034471 
0.628083701762029 
0.628088278646173 
0.628095102523617 
0.628105026377296 
0.628119144752191 
0.628138841812343 
0.628165845392616 
0.628202287399280 
0.628250770914208 
0.628314444358597 
0.628397083073434 
0.628503178675885 
0.628638036553200 
0.628807881858967 
0.629019974380676 
0.629282732652783 
0.629605867696062 
0.630000526772235 
0.630479447552977 
0.631057123114728 
0.631749978185634 
0.632576557088836 
0.633557723847426 
0.634716874941314 
0.636080165235041 
0.637676747628768 
0.639539027022225 
0.641702929223498 
0.644208185480839 
0.647098633365816 
0.650422534789161 
0.654232911985308 
0.658587902355967 
0.663551133114512 
0.669201262918771 
0.675616476622894 
0.682870428314883 
0.691053138368194 
0.700262339028446 
0.710603989267271 
0.722192816231925 
0.735152883976651 
0.749699516716236 
0.765909238471856 
0.783933741963443 
0.803941265402246 
0.826157933716570 
0.850762933425991 
0.877940603867517 
0.907970035351835 
0.941109061575836 
0.977550215427252 
1.017794506086626 
1.061959548508203 
1.110486761453114 
1.163655540198310 
1.221916505874953 
1.285581829748945 
1.355151768018251 
1.430927416107985 
1.513531941544443 
1.603392369837516 
1.701013113758361 
1.807187761701225 
1.922289063991487 
2.046961005017408 
2.181974635605767 
2.328092585258386 
2.485913429101826 
2.656221302579999 
2.839841063325573 
3.037653007856990 
3.250587224984922 
3.479550392314387 
3.725513567634315 
3.989498831196070 
4.272591790602844 
4.575938658117757 
4.900733859919127 
5.248211684292344 
5.619659596671671 
6.016357410284146 
6.439697482034028 
6.891126284620190 
7.372154807108418 
7.884360962967454 
8.429382398016113 
9.008916687703486 
9.624729636495610 
10.278657128644948 
10.972605874532043 
11.708557512113703 
12.488570323795354 
13.314781291837761 
14.189406472850033 
15.114740118666772 
16.093160956941283 
17.127135671753869 
18.219219911692193 
19.372062969863457 
20.588409554885267 
21.871103270993814 
23.223088941414552 
24.647415440750898 
26.147238546266738 
27.725824479115694 
29.386552532314631 
31.132916546017078 
32.968526746520361 
34.897115613236259 
36.922540332792209 
39.048785140605254 
41.279963811915664 
43.620323906476557 
46.074250140681052 
48.646267315074731 
51.341043715161732 
54.163394637277520 
57.118285905184706 
60.210837420509193 
63.446326764504278 
66.830192857799972 
70.368039680679530 
74.065640054471629 
77.928939483542862 
81.964060056684275 
86.177304406251139 
90.575159723181002 
95.164301825962966 
99.951599281734431 
104.944117577932801 
110.149123343281985 
115.574088617328016 
121.226695168205779 
127.114838858779223 
133.246634061720101 
139.630418124425461 
146.274755884903811 
153.188444239859649 
160.380516766145206 
167.860248396527595 
175.637160150320199 
183.721023918822709 
192.121867304694320 
200.849978513314767 
209.915911292560736 
219.330489915543694 
229.104814201909051 
239.250264568210298 
249.778507083343584 
260.701498521676740 
272.031491386278162 
283.781038871955047 
295.962999734420407 
308.590543004665278 
321.677152433788706 
335.236630661111121 
349.283102933375631 
363.831020236327845 
378.895161644479913 
394.490635639871073 
410.632880080157008 
427.337660405563042 
444.621065556482449 
462.499500919239154 
480.989677412867991 
500.108595553918121 
519.873522957464274 
540.301963201118497 
561.411613215815805 
583.220305244498604 
605.745927718286453 
629.006316673216247 
653.019104939970930 
677.801509711640733 
703.370026670767743 
729.739976808855999 
756.924810887734225 
784.934993270278710 
813.776106907949952 
843.445394825317635 
873.924819426105159 
905.165215333572178 
937.042761052714695 
969.198947189304135 
1000.000000000000000 
0.000000000000000 
0.000000000000000 
0.000000000000000 
0.000000000000000 
0.000000000000000 
0.000000000000000 
0.000000000000000 
0.000000000000000 
0.000000000000000 
0.000000000000000 
0.000000000000000 
0.000000000000000 
0.000000000000000 
0.000000000000000 
0.000000000000000 
0.000000000000000 
0.000000000000000 
0.000000000000000 
0.000000000000000 
0.000000000000000 
0.000000000000000 
0.000000000000000 
0.000000000000000 
0.000000000000000 
0.000000000000000 
0.000000000000000 
0.000000000000000 
0.000000000000000 
0.000000000000000 
0.000000000000000 
0.000000000000000 
0.000000000000000 
0.000000000000000 
0.000000000000000 
0.000000000000000 
0.000000000000000 
0.000000000000000 
0.000000000000000 
0.000000000000000 
0.000000000000000 
0.000000000000000 
0.000000000000000 
0.000000000000000 
0.000000000000000 
0.000000000000000 
0.000000000000000 
0.000000000000000 
0.000000000000000 
0.000000000000000 
0.000000000000000 
0.000000000000000 
0.000000000000000 
0.000000000000000 
0.000000000000000 
0.000000000000000 
0.000000000000000 
0.000000000000000 
0.000000000000000 
0.000000000000000 
0.000000000000000 
0.000000000000000 
0.000000000000000 
0.000000000000000 
0.000000000000000 
0.003941588481603 
0.020076481595951 
0.037995819842467 
0.057888269331694 
0.079965341709591 
0.104464053496186 
0.131649052643359 
0.161810606207611 
0.195581102277743 
0.234689011745965 
0.278388783518497 
0.327254117210229 
0.386826880152028 
0.456779761008403 
0.533885607806466 
0.619020627045394 
0.714007314502630 
0.819225900027633 
0.935919542041053 
1.064280321251951 
1.207875868402449 
1.367547371797798 
1.542682874498030 
1.734620551253153 
1.944168204414377 
2.172198446413043 
2.421389427615141 
2.693132998636427 
2.987361582527984 
3.305220800410638 
3.648602507311810 
4.019145141915629 
4.417801847958121 
4.845591943723149 
5.304594036555703 
5.796236604956189 
6.321689435608305 
6.882649124202668 
7.480914714207772 
8.118171539581059 
8.796366788323786 
9.517243264611707 
10.282786371941246 
11.095045160958509 
11.956142144535729 
12.868301733886586 
13.833838656481504 
14.855244243029103 
15.934979518724614 
17.075628813827322 
18.279868466623803 
19.550489031566649 
20.890380121015539 
22.302541694239956 
23.790082651762873 
25.356222794840829 
27.004295681271763 
28.737752530303084 
30.560165044872946 
32.475228511912164 
34.486772648079743 
36.598765203855891 
38.815269168902297 
41.140492357819809 
43.578781943975670 
46.134627963973344 
48.812664038875297 
51.617670404494234 
54.554577477252131 
57.628469403195147 
60.844587589304773 
64.208334264253523 
67.725276096238218 
71.401147879877996 
75.241856296227610 
79.253483746237151 
83.442292256136938 
87.814727452195967 
92.377422601685993 
97.137202716547705 
102.101088716172725 
107.276301645853692 
112.670266947815122 
118.290618782274052 
124.145204396650882 
130.242088541812677 
136.589557935010760 
143.196125769925715 
150.070536274907369 
157.221769321042217 
164.659045082080752 
172.391828748499591 
180.429835298042406 
188.783034325006810 
197.461654930318446 
206.476190674083540 
215.837404591858274 
225.556334275297900 
235.644297017178360 
246.112895019974019 
256.974020666194178 
268.239861847478551 
279.922907347902424 
292.035952274951740 
304.592103528987707 
317.604785298497404 
331.087744563707531 
345.055056584761473 
359.521130342074912 
374.500713884893344 
390.008899528414929 
406.061128818715360 
422.673197156081187 
439.861257928558530 
457.641825954583283 
476.031779960903577 
495.048363721391183 
514.709185341170723 
535.032213969472878 
556.035772932527607 
577.738527842025519 
600.159462824188722 
623.317859603068086 
647.233252383880540 
671.925355720760422 
697.413964795917764 
723.718796718519002 
750.859236477497234 
778.853913687406248 
807.719959141155869 
837.471605482931409 
868.117302533923294 
899.653002498763612 
932.043761263229158 
965.156394753632298 
998.321285286023567 
0.654193510005245 
0.654193510005313 
0.654193510014042 
0.654193510155560 
0.654193511131341 
0.654193515374889 
0.654193529245650 
0.654193566608544 
0.654193654145529 
0.654193838745611 
0.654194197319696 
0.654194849386703 
0.654195972777358 
0.654197822802097 
0.654200755229530 
0.654205253421971 
0.654211959974597 
0.654221713204915 
0.654235588839391 
0.654254947244352 
0.654281486548655 
0.654317302006165 
0.654364951946837 
0.654427530666275 
0.654508748605056 
0.654613020170994 
0.654745559560100 
0.654912484935180 
0.655120931325266 
0.655379172614424 
0.655696752995122 
0.656084628269800 
0.656555317394487 
0.657123064670971 
0.657804013009173 
0.658616388699684 
0.659580698158028 
0.660719937127692 
0.662059812858578 
0.663628979811617 
0.665459289479071 
0.667592322842085 
0.670067251390776 
0.672922682649369 
0.676206282417973 
0.679970415552040 
0.684272495665117 
0.689175354257941 
0.694747630244887 
0.701064180889524 
0.708206515189024 
0.716263250756930 
0.725330595239058 
0.735512853251092 
0.746976544539173 
0.759798593860381 
0.774109431779251 
0.790051960327732 
0.807780158401456 
0.827530440825413 
0.849435300596459 
0.873669117259876 
0.900463273679657 
0.930101882889286 
0.962741055179378 
0.998694333646123 
1.038263835379976 
1.081666554747411 
1.129485904316378 
1.181777161961086 
1.239245179283047 
1.301961063061234 
1.370573652112433 
1.445316683262063 
1.526755284079031 
1.615388328199936 
1.711667171336597 
1.816352124176195 
1.929922014418374 
2.052939133517626 
2.186090606990401 
2.330252179399758 
2.486031238277834 
2.654186057984647 
2.835503207708655 
3.030874657558374 
3.241202159506726 
3.467365263700113 
3.710376435421957 
3.971276621273777 
4.251130651851835 
4.551052081363193 
4.872241635443914 
5.215966524942566 
5.583424018055372 
5.975923522460711 
6.394853570638107 
6.841674387255308 
7.317891967023653 
7.825065992246119 
8.364829591101438 
8.938887777632125 
9.549007797700412 
10.197021401454048 
10.884829326295808 
11.614404381757007 
12.387796800408365 
13.207134369079370 
14.074626773749937 
14.992566543361709 
15.963333951321381 
16.989395029544898 
18.073293553311341 
19.217668799942917 
20.425250697009862 
21.698868499802082 
23.041451495697800 
24.456032273101943 
25.945745601637316 
27.513836705250501 
29.163663224527063 
30.898698087906368 
32.722532828581862 
34.638881230214636 
36.651580131447147 
38.764593353140398 
40.982009064410526 
43.308048577862721 
45.747071360859394 
48.303575657884281 
50.982201846050977 
53.787736382776409 
56.725115409282722 
59.799428284901083 
63.015921144250939 
66.380000505953305 
69.897236943153175 
73.573368819693144 
77.414306093032906 
81.426134183568237 
85.615117909080396 
89.987705482403612 
94.550532569955095 
99.310426408521067 
104.274409977636026 
109.449706225017536 
114.843742342831149 
120.464154093004865 
126.318790180373682 
132.415716673057517 
138.763221470114445 
145.369818817111394 
152.244253870796570 
159.395507314480994 
166.832800026041127 
174.565597800627529 
182.603616130188442 
190.956825041819684 
199.635453996725857 
208.649996851242037 
218.011216880932210 
227.730151868231019 
237.818119253442717 
248.286721348117197 
259.147850608834062 
270.413694968209484 
282.096743218339384 
294.209790439839765 
306.765943466892679 
319.778626375043814 
333.261585973576530 
347.228897277654141 
361.694968926491583 
376.674548501767958 
392.182727684234635 
408.234947164543428 
424.847001194613540 
442.035041625584654 
459.815581223428467 
478.205495977759597 
497.222026014610094 
516.882774576610018 
537.205704323586247 
558.209129899590948 
579.911705250702994 
602.332403575403305 
625.490487458029861 
649.405462054633290 
674.097004399484376 
699.584856331201195 
725.888656964052984 
753.027673057781612 
781.020346429807773 
809.883490752000512 
839.630757522764611 
870.269403714332611 
901.792491326452136 
934.155996216700487 
967.188578366280808 
1000.000000000000000 
0.000000000000000 
0.000000000000000 
0.000000000000000 
0.000000000000000 
0.000000000000000 
0.000000000000000 
0.000000000000000 
0.000000000000000 
0.000000000000000 
0.000000000000000 
0.000000000000000 
0.000000000000000 
0.000000000000000 
0.000000000000000 
0.000000000000000 
0.000000000000000 
0.000000000000000 
0.000000000000000 
0.000000000000000 
0.000000000000000 
0.000000000000000 
0.000000000000000 
0.000000000000000 
0.000000000000000 
0.000000000000000 
0.000000000000000 
0.000000000000000 
0.000000000000000 
0.000000000000000 
0.000000000000000 
0.000000000000000 
0.000000000000000 
0.000000000000000 
0.000000000000000 
0.000000000000000 
0.000000000000000 
0.000000000000000 
0.000000000000000 
0.000000000000000 
0.000000000000000 
0.000000000000000 
0.000000000000000 
0.000000000000000 
0.000000000000000 
0.000000000000000 
0.000000000000000 
0.000000000000000 
0.000000000000000 
0.000000000000000 
0.000000000000000 
0.000000000000000 
0.000000000000000 
0.000000000000000 
0.000000000000000 
0.000000000000000 
0.000000000000000 
0.000000000000000 
0.000000000000000 
0.000000000000000 
0.000000000000000 
0.000000000000000 
0.000000000000000 
0.000000000000000 
0.000000000000000 
0.000000000000000 
0.010243487141007 
0.027917002757710 
0.047519795442133 
0.069256330864365 
0.093355370068868 
0.120066911943225 
0.149671984077240 
0.182487891703078 
0.219630933135522 
0.262260973680002 
0.309662800893173 
0.362923989515070 
0.429338598654383 
0.504852776608651 
0.587970504114208 
0.679692836865704 
0.782188862304267 
0.895329475350868 
1.020659530540706 
1.158356993871631 
1.312605264053265 
1.483433166411366 
1.670583298634724 
1.875382659968691 
2.098754659594755 
2.341636499940045 
2.606618703870564 
2.895514775553503 
3.207945209114073 
3.545199994734350 
3.908974222642846 
4.301468270944165 
4.723524512707137 
5.176070986027828 
5.660898429216512 
6.180278711359747 
6.735063553533843 
7.326895648351821 
7.957775395762431 
8.629389329980993 
9.343697305004570 
10.102743311543573 
10.908407798421626 
11.762873741388757 
12.668325171834219 
13.627057062570561 
14.641463109568541 
15.714029534477334 
16.847402324646598 
18.044272794836587 
19.307390463941104 
20.639636181000252 
22.043987707945565 
23.523543548012604 
25.081508826254044 
26.721195526741884 
28.446034512021377 
30.259576842459214 
32.165496893640807 
34.167600682154571 
36.269818304641738 
38.476206741406941 
40.790958445300092 
43.218429733797173 
45.763077120855797 
48.429511518604173 
51.222490262710423 
54.146920495142922 
57.207862858571133 
60.410535041100253 
63.760315266548268 
67.262745815767005 
70.923536617538275 
74.748568922232437 
78.743899060810350 
82.915762287690058 
87.270576704449809 
91.814947260668276 
96.555669827843360 
101.499735342130009 
106.654334011567414 
112.026859583560835 
117.624913668651374 
123.456310117063111 
129.529079445141747 
135.851473309553967 
142.431969027957535 
149.279274145723122 
156.402331049119084 
163.810321626110323 
171.512671976543771 
179.519057173928985 
187.839406081298307 
196.483906223721874 
205.463008719967831 
214.787433275582316 
224.468173239296362 
234.516500724205684 
244.943971794610889 
255.762431718739151 
266.984020286810050 
278.621177193009999 
290.686647478832981 
303.193487033911254 
316.155068148687349 
329.585085111038666 
343.497559835933430 
357.906847513177524 
372.827642252917371 
388.274982701286945 
404.264257588819419 
420.811211161046742 
437.931948422978280 
455.642940105181879 
473.961027226751071 
492.903425086405605 
512.487726452685934 
532.731903641073245 
553.654309049944686 
575.273673564185287 
597.609102003126168 
620.680064611950570 
644.506382669410641 
669.108205629602708 
694.505976118691478 
720.720376654499773 
747.772248005423762 
775.682461787205398 
804.471715492462863 
834.160187825895264 
864.766922865772585 
896.308635330936568 
928.797104086983040 
962.231905753079218 
996.560151343877124 
0.681620393239739 
0.681620393239808 
0.681620393248484 
0.681620393389155 
0.681620394359088 
0.681620398577208 
0.681620412364853 
0.681620449503861 
0.681620536516309 
0.681620720010234 
0.681621076435677 
0.681621724595376 
0.681622841254456 
0.681624680193472 
0.681627595049156 
0.681632066287330 
0.681638732652408 
0.681648427438094 
0.681662219924019 
0.681681462323259 
0.681707842586079 
0.681743443405697 
0.681790807772581 
0.681853011424748 
0.681933742542812 
0.682037389040293 
0.682169133801936 
0.682335058225819 
0.682542254428764 
0.682798946479491 
0.683114621030001 
0.683500167723278 
0.683968029764792 
0.684532365056711 
0.685209218307587 
0.686016704546957 
0.686975204494011 
0.688107572252829 
0.689439355833792 
0.690999031032125 
0.692818249230283 
0.694932099731177 
0.697379387274043 
0.700202925433806 
0.703449846657495 
0.707171929746685 
0.711425945651622 
0.716274022498599 
0.721784030824565 
0.728029990038386 
0.735092497162239 
0.743092371269165 
0.752099928347169 
0.762214809795316 
0.773549128153916 
0.786224111243632 
0.800370685338003 
0.816150905002718 
0.833755858266584 
0.853297660629979 
0.874953001766279 
0.898933307223123 
0.925511810336673 
0.954824257234193 
0.987121280763163 
1.022771834460491 
1.061920411623180 
1.104942067771568 
1.152129317579581 
1.203891856504874 
1.260715194931206 
1.322820249278910 
1.390690329981256 
1.464725599061709 
1.545327544480218 
1.633118829717432 
1.728492010489005 
1.832113866225772 
1.944596013417565 
2.066445048324280 
2.198326892185184 
2.341088106094859 
2.495381388769200 
2.661974408067791 
2.841667568157878 
3.035284161397972 
3.243759518351847 
3.467947533884297 
3.708841254135671 
3.967492634863534 
4.244998658506852 
4.542474327814981 
4.861079922419069 
5.202046964282990 
5.566594686948369 
5.956058513478347 
6.371805704539282 
6.815272585076771 
7.287973436060945 
7.791485151515995 
8.327426565822984 
8.897480053142928 
9.503417954619186 
10.147077304284066 
10.830359393562066 
11.555242877299202 
12.323767276780568 
13.138052549355052 
14.000306022596110 
14.912808015721946 
15.877930797806538 
16.898131707097242 
17.975962316545669 
19.114073512232871 
20.315190271482980 
21.582130555042138 
22.917817948294399 
24.325288398314854 
25.807653479374938 
27.368142107505413 
29.010097711593371 
30.736978588024655 
32.552360282703759 
34.459950424961598 
36.463563703779663 
38.567139025134878 
40.774750239717740 
43.090603712221210 
45.519049640232446 
48.064571043220887 
50.731789106325259 
53.525469840657763 
56.450528349689719 
59.512032480055723 
62.715206359583988 
66.065433953099216 
69.568262674199431 
73.229407065235819 
77.054752549279442 
81.050359254703352 
85.222465911588671 
89.577493818346980 
94.122050876377273 
98.862935690131081 
103.807141729648052 
108.961861552459411 
114.334491081762565 
119.932633937949277 
125.764105820935669 
131.836938941244085 
138.159386498420702 
144.739927206060798 
151.587269863438394 
158.710357974407543 
166.118374414843231 
173.820746150387293 
181.827149006591867 
190.147512493761042 
198.792024688829514 
207.771137176511303 
217.095570051735194 
226.776316985031258 
236.824650352096171 
247.252126428241013 
258.070590647777976 
269.292182927677231 
280.929343053931461 
292.994816127956710 
305.501658069012137 
318.463241166799037 
331.893259676110404 
345.805735442268031 
360.215023541953997 
375.135817918480200 
390.583156983058814 
406.572429143588636 
423.119378208920182 
440.240108598363918 
457.951090261621630 
476.269163181043950 
495.211541282974565 
514.795815523084116 
535.039955825282959 
555.962311434729941 
577.581609077876919 
599.916948087420110 
622.987791475120275 
646.813950904998364 
671.415562950418234 
696.813052844520143 
723.027079321274414 
750.078450056866814 
777.987989537720637 
806.776326016749067 
836.463532180020820 
867.068480566504149 
898.607586925632631 
931.092051239967873 
964.520074313619943 
998.832690104738617 
0.000000000000000 
0.000000000000000 
0.000000000000000 
0.000000000000000 
0.000000000000000 
0.000000000000000 
0.000000000000000 
0.000000000000000 
0.000000000000000 
0.000000000000000 
0.000000000000000 
0.000000000000000 
0.000000000000000 
0.000000000000000 
0.000000000000000 
0.000000000000000 
0.000000000000000 
0.000000000000000 
0.000000000000000 
0.000000000000000 
0.000000000000000 
0.000000000000000 
0.000000000000000 
0.000000000000000 
0.000000000000000 
0.000000000000000 
0.000000000000000 
0.000000000000000 
0.000000000000000 
0.000000000000000 
0.000000000000000 
0.000000000000000 
0.000000000000000 
0.000000000000000 
0.000000000000000 
0.000000000000000 
0.000000000000000 
0.000000000000000 
0.000000000000000 
0.000000000000000 
0.000000000000000 
0.000000000000000 
0.000000000000000 
0.000000000000000 
0.000000000000000 
0.000000000000000 
0.000000000000000 
0.000000000000000 
0.000000000000000 
0.000000000000000 
0.000000000000000 
0.000000000000000 
0.000000000000000 
0.000000000000000 
0.000000000000000 
0.000000000000000 
0.000000000000000 
0.000000000000000 
0.000000000000000 
0.000000000000000 
0.000000000000000 
0.000000000000000 
0.000000000000000 
0.000000000000000 
0.000000000000000 
0.001658866312048 
0.019147005396008 
0.038532457067830 
0.060014960195445 
0.083812028706444 
0.110167669092848 
0.139355840390621 
0.171678982331783 
0.207572012940139 
0.248769468402217 
0.295314957370546 
0.346894609025457 
0.406311782594420 
0.480617622092403 
0.562360950485911 
0.652244690960377 
0.751786503770240 
0.862689621429693 
0.984987819744886 
1.120054408792242 
1.268694344193281 
1.435454330924007 
1.618960333134848 
1.819770200905681 
2.039126682689348 
2.278101885837332 
2.537778712258254 
2.821009741509861 
3.129070187925953 
3.461846087652802 
3.820718510542404 
4.207457741039498 
4.624484239294869 
5.072374082169675 
5.552232434235115 
6.065883144036533 
6.615711620036512 
7.202647724029877 
7.828361327841246 
8.494909502669159 
9.204073007196802 
9.957746402410802 
10.758298549055004 
11.607534796860877 
12.507730228838188 
13.461185283798621 
14.470239357305008 
15.537389227455604 
16.665198556899192 
17.856357139072198 
19.113730977960337 
20.440154518202185 
21.838617051781984 
23.312163905895396 
24.863993796668570 
26.497398682520483 
28.215798752575452 
30.022730612841972 
31.921855706895851 
33.916962000435184 
36.011966054019382 
38.210914363191449 
40.517987028609411 
42.937500969089882 
45.473914774624511 
48.131837757426645 
50.916029471870992 
53.831371887981689 
56.882908603604612 
60.075840146614908 
63.415527129994565 
66.907493827134786 
70.557431817856042 
74.371203667903600 
78.354846662012989 
82.514576607121228 
86.856791713035449 
91.388076552022682 
96.115206095799550 
101.045149826942989 
106.185075921005208 
111.542355495275046 
117.124566920044401 
122.939500188377536 
128.995161340730789 
135.299776941299427 
141.861798603649930 
148.689907563985145 
155.793019301228327 
163.180288203936016 
170.861112284823577 
178.845137944338035 
187.142264785227439 
195.762650480405455 
204.716715696577353 
214.015149076111840 
223.668912279486051 
233.689245090352898 
244.087670584880016 
254.876000366493884 
266.066339866568683 
277.671093710875425 
289.702971150771191 
302.174991557098735 
315.100489973505489 
328.493122724327009 
342.366873070123916 
356.736056901274480 
371.615328456463601 
387.019686048126573 
402.964477770523388 
419.465407157517006 
436.538538745581036 
454.200303482028517 
472.467503897487632 
491.357318933343834 
510.887308276412341 
531.075416000574364 
551.939973242749033 
573.499699540045185 
595.773702314897832 
618.781473842192327 
642.542884647490723 
667.078171807644480 
692.407919976608355 
718.553031778288187 
745.534682200705561 
773.374248066386713 
802.093196938911660 
831.712906279104686 
862.254354077787525 
893.737550814754286 
926.180383131239637 
959.595707989888979 
993.977577743717347 
0.709283721465177 
0.709283721465245 
0.709283721473836 
0.709283721613119 
0.709283722573490 
0.709283726750026 
0.709283740401747 
0.709283777174624 
0.709283863329267 
0.709284045014232 
0.709284397925884 
0.709285039695755 
0.709286145346350 
0.709287966156354 
0.709290852276221 
0.709295279435184 
0.709301880080741 
0.709311479291841 
0.709325135807096 
0.709344188509648 
0.709370308710603 
0.709405558573545 
0.709452456023267 
0.709514046482930 
0.709593981785123 
0.709696606604153 
0.709827052759199 
0.709991341741060 
0.710196495819154 
0.710450658090418 
0.710763221838093 
0.711144969576195 
0.711608222165159 
0.712166998395991 
0.712837185454606 
0.713636720695198 
0.714585785172021 
0.715707009403037 
0.717025691867067 
0.718570030768584 
0.720371369641469 
0.722464457404980 
0.724887723531946 
0.727683569040462 
0.730898674075693 
0.734584322906765 
0.738817233089602 
0.743652150636818 
0.749147078127837 
0.755375784134075 
0.762418583739401 
0.770362786815708 
0.779303170334807 
0.789342475756936 
0.800591932482943 
0.813177855381688 
0.827272835999903 
0.842974220656661 
0.860433486029311 
0.879813660699114 
0.901320596227446 
0.925178445074219 
0.951530716829901 
0.980594184905129 
1.012746535535609 
1.048116738079136 
1.086982003331799 
1.129727689360727 
1.176541866688254 
1.227942862426234 
1.284130578353971 
1.345845776920964 
1.413216676188092 
1.486753615073140 
1.566760482888784 
1.653924891787012 
1.748661551216808 
1.851476402296787 
1.963192560287699 
2.084202770008836 
2.215168037844260 
2.356913955812044 
2.510109949035634 
2.675538250063624 
2.854019645531507 
3.046341191884268 
3.253466383459603 
3.476210723197297 
3.715561670144504 
3.972560717597723 
4.248306457756470 
4.543946412068713 
4.860645458350522 
5.199592333645498 
5.561991417195822 
5.949189001248827 
6.362575839566096 
6.803573646996005 
7.273674019243114 
7.774451907501170 
8.307546417365899 
8.874640912664331 
9.477478542478993 
10.117897698503116 
10.797803572657585 
11.519166723446165 
12.284045250692106 
13.094562005798020 
13.952898993603792 
14.861350261634154 
15.822276332059753 
16.838131411465106 
17.911477653630065 
19.044945365654289 
20.241271577528693 
21.503311365028257 
22.833927268724604 
24.236148152282272 
25.713083205440235 
27.267958085770950 
28.904107185209483 
30.624980535729193 
32.434144448259218 
34.335287909814859 
36.332220449815686 
38.428875969193228 
40.629317548964607 
42.937740347683800 
45.358476855031554 
47.895998029931079 
50.554916031963145 
53.339989194400964 
56.256120815576679 
59.308364461747189 
62.501928721555608 
65.842181302032728 
69.334652842046125 
72.985040650769548 
76.799212461308144 
80.783210235108626 
84.943254030670687 
89.285745941127047 
93.817274101443033 
98.544616764175970 
103.474746441768460 
108.614834112773536 
113.972253489093873 
119.554585341206945 
125.369621878432071 
131.425371181567186 
137.730061685654022 
144.292146711190611 
151.120309042763580 
158.223465554764459 
165.610771884522222 
173.291627153821935 
181.275678740293415 
189.572827100560886 
198.193230647311452 
207.147310682544884 
216.445756389255791 
226.099529883629202 
236.119871329558237 
246.518304116913924 
257.306640104503401 
268.496984928087159 
280.101743373124009 
292.133624811090613 
304.605648697214860 
317.531150126188891 
330.923785440832717 
344.797537886571433 
359.166723301821548 
374.045995830719278 
389.450353639689467 
405.395144612790887 
421.896071991911981 
438.969199916034427 
456.630958797812070 
474.898150454197662 
493.787952878790179 
513.317924504107395 
533.506007748053889 
554.370531564520661 
575.930212614742686 
598.204154532390589 
621.211844605638362 
644.973146772782911 
669.508289358239040 
694.837845309951717 
720.982701448013358 
747.964011139483432 
775.803121080381970 
804.521455791013750 
834.140329097864878 
864.680620424542894 
896.162177431621103 
928.602591803382097 
962.014083846661151 
996.388332543475144 
