0.000000000000000 
0.000000000000000 
0.000000000000000 
0.000000000000000 
0.000000000000000 
0.000000000000000 
0.000000000000000 
0.000000000000000 
0.000000000000000 
0.000000000000000 
0.000000000000000 
0.000000000000000 
0.000000000000000 
0.000000000000000 
0.000000000000000 
0.000000000000000 
0.000000000000000 
0.000000000000000 
0.000000000000000 
0.000000000000000 
0.000000000000000 
0.000000000000000 
0.000000000000000 
0.000000000000000 
0.000000000000000 
0.000000000000000 
0.000000000000000 
0.000000000000000 
0.000000000000000 
0.000000000000000 
0.000000000000000 
0.000000000000000 
0.000000000000000 
0.000000000000000 
0.000000000000000 
0.000000000000000 
0.000000000000000 
0.000000000000000 
0.000000000000000 
0.000000000000000 
0.000000000000000 
0.000000000000000 
0.000000000000000 
0.000000000000000 
0.000000000000000 
0.000000000000000 
0.000000000000000 
0.000000000000000 
0.000000000000000 
0.000000000000000 
0.000000000000000 
0.000000000000000 
0.000000000000000 
0.000000000000000 
0.000000000000000 
0.000000000000000 
0.000000000000000 
0.000000000000000 
0.000000000000000 
0.000000000000000 
0.000000000000000 
0.000000000000000 
0.000000000000000 
0.000000000000000 
0.000000000000000 
0.000000000000000 
0.000000000000000 
0.000000000000000 
0.000000000000000 
0.000000000000000 
0.000000000000000 
0.000000000000000 
0.000000000000000 
0.000000000000000 
0.000000000000000 
0.000000000000000 
0.000000000000000 
0.000000000000000 
0.000000000000000 
0.000000000000000 
0.000000000000000 
0.000000000000000 
0.000000000000000 
0.000000000000000 
0.000000000000000 
0.000000000000000 
0.000000000000000 
0.000000000000000 
0.005673679162463 
0.012427962124334 
0.019675674078593 
0.027448593026371 
0.035780434119929 
0.044707011384883 
0.054266389896403 
0.064498782906746 
0.075446887378387 
0.087156127742799 
0.099674866876248 
0.113054715245468 
0.127349958865278 
0.142618451707386 
0.158921940209491 
0.176326492741963 
0.199342263208984 
0.224533676009445 
0.251390299674662 
0.279985868651541 
0.310466420128681 
0.343134150557562 
0.378011002174248 
0.415108150162409 
0.454542089664310 
0.496450061698574 
0.540984529113045 
0.589173770001785 
0.643170468011211 
0.700867952864878 
0.762130973763489 
0.827208145879298 
0.896344657334619 
0.969642956105098 
1.047378286766437 
1.129829356971407 
1.217435061413797 
1.311876281602483 
1.412755752064421 
1.519597022642458 
1.632602938770412 
1.752043194320769 
1.878201511259322 
2.011544311026265 
2.152824366931492 
2.302998516166533 
2.461756858537758 
2.629107617290155 
2.805467836035572 
2.991140541910764 
3.186683919384977 
3.392944146340581 
3.610253188397925 
3.838711543507427 
4.078715570586993 
4.330570907101212 
4.594941813507803 
4.872441963474022 
5.163361927028859 
5.468144030841255 
5.787202048563412 
6.121090545091976 
6.470340885497695 
6.835382890419993 
7.216690488189833 
7.614796672907925 
8.030355366828172 
8.463819191122667 
8.915673814099675 
9.386517669856696 
9.876952937429145 
10.387519608410004 
10.918817656349949 
11.471487348020467 
12.046170347637350 
12.643526168944765 
13.264183196661111 
13.908832134669929 
14.578170231954442 
15.272904045991362 
15.993774037425680 
16.741532977764688 
17.516955299514567 
18.320836779188415 
19.153993717777094 
20.017266679611431 
20.911538273865521 
21.837663717463155 
22.796554941025576 
23.789126361805568 
24.816328152542319 
25.879127473870810 
26.978518934821132 
28.115519264787324 
29.291169728632298 
30.506535711607839 
31.762707196923120 
33.060799000719477 
34.401951106304089 
35.787328998414452 
37.218124048975803 
38.695553872372145 
40.220862714300907 
41.795321834044231 
43.420231821391127 
45.096922817284302 
46.826745836725593 
48.611082003296772 
50.451342372711842 
52.348968002778342 
54.305430165436988 
56.322230643734713 
58.400902084220206 
60.543008401727725 
62.750145168329773 
65.023939947753860 
67.366052934012416 
69.778177505743486 
72.262040736584638 
74.819403886342911 
77.452062891205159 
80.161848863173461 
82.950628603869944 
85.820305132081558 
88.772818219277113 
91.810144929656957 
94.934300163502741 
98.147337203580179 
101.451348264708500 
104.848465046694400 
108.340859290813057 
111.930743339980012 
115.620370702722880 
119.412036621043583 
123.308078642252212 
127.310877194856687 
131.422856168598031 
135.646483498730220 
139.984271754651672 
144.438778733002152 
149.012608055342213 
153.708409770528363 
158.528880961896050 
163.476766359346129 
168.554858956419253 
173.766000632421679 
179.113082779634908 
184.599046935616371 
190.226885420557323 
195.999641979619298 
201.920412430118091 
207.992345313702828 
214.218642551993895 
220.602560105844077 
227.147408642247058 
233.856554200248610 
240.733418860213277 
247.781481414905102 
255.004278041118368 
262.405402970558441 
269.988509158389036 
277.757308947418778 
285.715574654032537 
293.867139346860256 
302.215897465839305 
310.765805364456412 
319.520881944575990 
328.485209228451822 
337.662932897090400 
347.058262786813657 
356.675473334289563 
366.518903958432645 
376.592959365359491 
386.902109759963480 
397.450890944577623 
408.243904281514688 
419.285816491912442 
430.581359258135080 
442.135328590781512 
453.952583913954072 
466.038046813511414 
478.396699382226359 
491.033582082586236 
503.953791031747528 
517.162474593023489 
530.664829133002968 
544.466093771348142 
558.571543909137290 
572.986483267884068 
587.716234099651160 
602.766125137072663 
618.141476733384934 
633.847582371284830 
649.889685718298324 
666.272951807900768 
683.002430559895060 
700.083010121247980 
717.519356447971063 
735.315833942357585 
753.476399468220734 
772.004458101689579 
790.902662482708479 
810.172626654677629 
829.814506030199141 
849.826359936963286 
870.203145752640921 
890.935057058128223 
912.004623734402458 
933.381311436620081 
955.010674772484890 
976.790424239089589 
998.367249021050839 
0.662633717241468 
0.662633717241473 
0.662633717241985 
0.662633717250286 
0.662633717307524 
0.662633717556445 
0.662633718370085 
0.662633720561741 
0.662633725696541 
0.662633736524930 
0.662633757558394 
0.662633795807752 
0.662633861704304 
0.662633970224200 
0.662634142236315 
0.662634406093956 
0.662634799490737 
0.662635371600928 
0.662636185524600 
0.662637321057893 
0.662638877808726 
0.662640978678274 
0.662643773728535 
0.662647444456326 
0.662652208494023 
0.662658324757394 
0.662666099060875 
0.662675890220617 
0.662688116665701 
0.662703263577867 
0.662721890580165 
0.662744639994954 
0.662772245691676 
0.662805542544886 
0.662845476523075 
0.662893115428833 
0.662949660310985 
0.663016457569430 
0.663095011773426 
0.663186999214261 
0.663294282213297 
0.663418924206552 
0.663563205627152 
0.663729640607174 
0.663920994520624 
0.664140302389570 
0.664390888175732 
0.664676384980202 
0.665000756174330 
0.665368317485284 
0.665783760060288 
0.666252174534109 
0.666779076125011 
0.667370430785105 
0.668032682431833 
0.668772781288172 
0.669598213360177 
0.670517031081495 
0.671537885155690 
0.672670057628482 
0.673923496223378 
0.675308849975666 
0.676837506201317 
0.678521628839035 
0.680374198205454 
0.682409052205357 
0.684640929040664 
0.687085511463953 
0.689759472624199 
0.692680523554403 
0.695867462352710 
0.699340225110365 
0.703119938641593 
0.707234849862526 
0.711704490286706 
0.716552788497327 
0.721806240267862 
0.727492826592988 
0.733642078464017 
0.740285143846426 
0.747454856913085 
0.755195992321641 
0.763548232020307 
0.772538204754158 
0.782206329256902 
0.792595096092257 
0.803752857643366 
0.815747095283507 
0.828604492704434 
0.842376762425217 
0.857121775357867 
0.872927604861144 
0.889821297068448 
0.907865313304385 
0.927160698142075 
0.947753122837544 
0.969704110122541 
0.993132006105564 
1.018078471013280 
1.044653088656600 
1.072968133510282 
1.103062654540149 
1.135086838598523 
1.169080085138558 
1.205254910171111 
1.243616750065988 
1.284518763850708 
1.327855437272163 
1.373835231829637 
1.422514643306854 
1.474058240969045 
1.528630294174774 
1.586333083879677 
1.647420561641641 
1.711962922405193 
1.780116205014886 
1.852124228316876 
1.928111042163112 
2.008260448250756 
2.092818867438924 
2.182033220211946 
2.276043981103845 
2.375052846932717 
2.479294219344988 
2.589008646919374 
2.704403524242124 
2.825723963655381 
2.953221022413131 
3.087183060150184 
3.227904193744890 
3.375648354275737 
3.530689793061128 
3.693312913655496 
3.863821159577336 
4.042534905126143 
4.229786039518284 
4.425924610587556 
4.631278954544889 
4.846200773186124 
5.071045352779665 
5.306184114978405 
5.552003151801141 
5.808903032475948 
6.077299635406103 
6.357613384685450 
6.650269063251054 
6.955708768175347 
7.274389172983719 
7.606772769010648 
7.953317679218909 
8.314509956632147 
8.690850248295746 
9.082854236513768 
9.491051510883032 
9.915979373052476 
10.358188839666767 
10.818248187274873 
11.296740156362317 
11.794259893205316 
12.311418139202880 
12.848842427101546 
13.407175368047284 
13.987074246808508 
14.589211228071079 
15.214275315023086 
15.862973303266301 
16.536028417518761 
17.234181423674929 
17.958191428173158 
18.708835941779572 
19.486911170302424 
20.293232580993752 
21.128635343048490 
21.993974442248600 
22.890124159600507 
23.817978155950350 
24.778452183842774 
25.772482752062608 
26.801028467277014 
27.865069493233364 
28.965608323731182 
30.103670365979522 
31.280304031181785 
32.496581264512088 
33.753597751882040 
35.052473489292822 
36.394353135670848 
37.780406472741923 
39.211828761817380 
40.689841176349539 
42.215691200729310 
43.790653047238159 
45.416028046361099 
47.093144875267903 
48.823359828197006 
50.608057848491853 
52.448652885630594 
54.346588279465792 
56.303337157456639 
58.320402837077111 
60.399319251981439 
62.541651408879453 
64.748995841902030 
67.022981246384774 
69.365268971145937 
71.777553499631722 
74.261562929461817 
76.819059462220196 
79.451839906906514 
82.161736197787533 
84.950615924479820 
87.820382864757605 
90.772977519871063 
93.810377652840501 
96.934598830065980 
100.147694966488885 
103.451758874467117 
106.848922816473191 
110.341359061689673 
113.931280446557309 
117.620940939325266 
121.412636208652259 
125.308704196316484 
129.311525694101050 
133.423524924931343 
137.647170128350609 
141.984974150428258 
146.439495038198402 
151.013336638727850 
155.709149202909089 
160.529629994067534 
165.477523901458994 
170.555624058717456 
175.766772467295624 
181.113860624906806 
186.599830158953409 
192.227673464884276 
198.000434349378537 
203.921208678195597 
209.993145028456638 
216.219445345140798 
222.603365601758156 
229.148216464370876 
235.857363957722100 
242.734230133787321 
249.782293741497227 
257.005090896507284 
264.406215749642058 
271.989321152304626 
279.758119316656291 
287.716382470921417 
295.867943509500321 
304.216696618468291 
312.766597885457770 
321.521665893053978 
330.485982281230122 
339.663692274430957 
349.059005164887537 
358.676194742121709 
368.519599656681748 
378.593623703879302 
388.902736010611761 
399.451471105176893 
410.244428846216806 
421.286274182453553 
432.581736709560630 
444.135609984149482 
455.952750547235439 
468.038076600345221 
480.396566266283116 
493.033255352927540 
505.953234521620402 
519.161645740777317 
532.663677879015722 
546.464561258622780 
560.569560947070727 
574.983968508121052 
589.713091859542601 
604.762242782097928 
620.136721476161824 
635.841797394692321 
651.882685374101584 
668.264515612461878 
684.992295586901946 
702.070861219352423 
719.504813450790152 
737.298434633171723 
755.455576414584698 
773.979506410531599 
792.872693714901175 
812.136500933786238 
831.770728450606839 
851.772915799049770 
872.137225018230083 
892.852563780893206 
913.899228382367369 
935.242401400980043 
956.818132677229414 
978.498650432194381 
1000.000000000000000 
0.000000000000000 
0.000000000000000 
0.000000000000000 
0.000000000000000 
0.000000000000000 
0.000000000000000 
0.000000000000000 
0.000000000000000 
0.000000000000000 
0.000000000000000 
0.000000000000000 
0.000000000000000 
0.000000000000000 
0.000000000000000 
0.000000000000000 
0.000000000000000 
0.000000000000000 
0.000000000000000 
0.000000000000000 
0.000000000000000 
0.000000000000000 
0.000000000000000 
0.000000000000000 
0.000000000000000 
0.000000000000000 
0.000000000000000 
0.000000000000000 
0.000000000000000 
0.000000000000000 
0.000000000000000 
0.000000000000000 
0.000000000000000 
0.000000000000000 
0.000000000000000 
0.000000000000000 
0.000000000000000 
0.000000000000000 
0.000000000000000 
0.000000000000000 
0.000000000000000 
0.000000000000000 
0.000000000000000 
0.000000000000000 
0.000000000000000 
0.000000000000000 
0.000000000000000 
0.000000000000000 
0.000000000000000 
0.000000000000000 
0.000000000000000 
0.000000000000000 
0.000000000000000 
0.000000000000000 
0.000000000000000 
0.000000000000000 
0.000000000000000 
0.000000000000000 
0.000000000000000 
0.000000000000000 
0.000000000000000 
0.000000000000000 
0.000000000000000 
0.000000000000000 
0.000000000000000 
0.000000000000000 
0.000000000000000 
0.000000000000000 
0.000000000000000 
0.000000000000000 
0.000000000000000 
0.000000000000000 
0.000000000000000 
0.000000000000000 
0.000000000000000 
0.000000000000000 
0.000000000000000 
0.000000000000000 
0.000000000000000 
0.000000000000000 
0.000000000000000 
0.000000000000000 
0.000000000000000 
0.000000000000000 
0.000000000000000 
0.000000000000000 
0.000000000000000 
0.000000000000000 
0.000000000000000 
0.000000000000000 
0.005586681988393 
0.012763693566215 
0.020458986778029 
0.028705257584041 
0.037537414877675 
0.046992463164192 
0.057109638433827 
0.067930608552568 
0.079499924821815 
0.091864046513634 
0.105072644308365 
0.119178534570407 
0.134238261895448 
0.150311423783379 
0.167460878597174 
0.185754013363613 
0.208343522218288 
0.234807576374284 
0.262978489856747 
0.292961775756982 
0.324854423346545 
0.358935511196456 
0.395433861015084 
0.434211357386702 
0.475411258464418 
0.519169803174220 
0.565630423667069 
0.614949303479043 
0.670052582956094 
0.730164088342748 
0.793886513120084 
0.861470620236519 
0.933272730109177 
1.009446780591238 
1.090077534961409 
1.175539361169963 
1.266065702819461 
1.362627891820019 
1.466719073726914 
1.577238292477107 
1.694097474394601 
1.817637862823789 
1.948074048044374 
2.085728045708237 
2.230958229160851 
2.385015829272569 
2.548692251292910 
2.721342028630697 
2.903159193396806 
3.094476809642034 
3.295808005529634 
3.507650862374516 
3.731068740654140 
3.966307146446122 
4.213287635550424 
4.472405970163299 
4.744283104350614 
5.029457329424312 
5.328690699985615 
5.642188425041276 
5.970228937692399 
6.313413009963634 
6.672484235763445 
7.047934461191188 
7.440088118575952 
7.849417455649921 
8.276601855561164 
8.722260380325617 
9.186850151148015 
9.671014830938759 
10.175302891923916 
10.700334554263391 
11.246696082916165 
11.815034538596754 
12.405989881267605 
13.020217346039031 
13.658399041740235 
14.321246065582546 
15.009510507922473 
15.723865614112574 
16.465078222045868 
17.233925083598795 
18.031174318614461 
18.857645273081282 
19.714163259054370 
20.601577445051266 
21.520761465296971 
22.472608142068715 
23.458034907645434 
24.477980397910876 
25.533432213921515 
26.625353361681675 
27.754762030672822 
28.922679950963143 
30.130167122741888 
31.378300671910736 
32.668187550533226 
34.000957503516716 
35.377767126708143 
36.799798382545518 
38.268259841686969 
39.784386647432065 
41.349441039151543 
42.964712664764477 
44.631518981816313 
46.351205641893635 
48.125146892775554 
49.954745990575617 
51.841435626373212 
53.786678371019782 
55.791967142463122 
57.858826881597039 
59.988815765511639 
62.183517537921482 
64.444548757749430 
66.773559008813919 
69.172231238606741 
71.642282155853508 
74.185462638884673 
76.803558155903076 
79.498389177237982 
82.271811632865010 
85.125717431768095 
88.062034998795838 
91.082729818876857 
94.189804984719203 
97.385301747001762 
100.671300067132407 
104.049919172926948 
107.523318117547035 
111.093696341939534 
114.763294240927593 
118.534393733035117 
122.409318834086349 
126.390436234607492 
130.480155881058039 
134.680931560932777 
138.995261491794878 
143.425688914322649 
147.974802689475410 
152.645237899902412 
157.439676455738038 
162.360847704935765 
167.411529048302214 
172.594546559397685 
177.912775609463466 
183.369141497533661 
188.966620085878276 
194.708238440910606 
200.597075479678097 
206.636262622034508 
212.828984448571191 
219.178479364367263 
225.688040268587201 
232.361015229932718 
239.200808167926425 
246.210879539972154 
253.394747034100305 
260.755986267269122 
268.298231489037676 
276.025176290380841 
283.940574317333812 
292.048239989082958 
300.352049220007530 
308.855940145058071 
317.563913847694266 
326.480035089417470 
335.608433039687156 
344.953302004718410 
354.518902153283420 
364.309560237190340 
374.329670303538819 
384.583694395162183 
395.076163234792205 
405.811676887424767 
416.794905394032639 
428.030589368143865 
439.523540544777120 
451.278642268706790 
463.300849905908422 
475.595191158125260 
488.166766255612401 
501.020747996945772 
514.162381596975365 
527.596984294052959 
541.329944654836709 
555.366721498392053 
569.712842339873873 
584.373901224842712 
599.355555694866439 
614.663523363986883 
630.303576205662125 
646.281533738225335 
662.603253916134690 
679.274620988586435 
696.301529255740093 
713.689861131538578 
731.445457138758343 
749.574074208565207 
768.081326585355782 
786.972600097130453 
806.252924265669435 
825.926775071326233 
845.997758432291448 
866.468077312276137 
887.337580447206960 
908.601935623979784 
930.248772924362243 
952.248311526221869 
974.518271795764576 
996.761334993973037 
0.693051764152658 
0.693051764152662 
0.693051764153165 
0.693051764161331 
0.693051764217629 
0.693051764462463 
0.693051765262745 
0.693051767418421 
0.693051772468922 
0.693051783119540 
0.693051803807695 
0.693051841429106 
0.693051906243825 
0.693052012982134 
0.693052182170301 
0.693052441696150 
0.693052828634476 
0.693053391352246 
0.693054191913607 
0.693055308804670 
0.693056839998072 
0.693058906377293 
0.693061655540729 
0.693065266005512 
0.693069951831077 
0.693075967682476 
0.693083614353444 
0.693093244769251 
0.693105270489340 
0.693120168729813 
0.693138489925808 
0.693160865853858 
0.693188018334313 
0.693220768533982 
0.693260046889152 
0.693306903669210 
0.693362520201150 
0.693428220775295 
0.693505485252674 
0.693595962394571 
0.693701483934889 
0.693824079416090 
0.693965991809654 
0.694129693942151 
0.694317905748279 
0.694533612372408 
0.694780083140502 
0.695060891424597 
0.695379935422370 
0.695741459874768 
0.696150078745152 
0.696610798883917 
0.697129044703172 
0.697710683886742 
0.698362054161489 
0.699089991156787 
0.699901857379922 
0.700805572336186 
0.701809643823533 
0.702923200432916 
0.704157316877923 
0.705524682843247 
0.707033484091614 
0.708695724601206 
0.710524213698795 
0.712532606662639 
0.714735446795147 
0.717148209009636 
0.719787344977403 
0.722670329883398 
0.725815710840637 
0.729243157015438 
0.732973511517306 
0.737028845108894 
0.741432511792865 
0.746209206333527 
0.751385023771826 
0.757002258083685 
0.763077082495709 
0.769639656448215 
0.776722397823958 
0.784359458467262 
0.792586796998527 
0.801442254003233 
0.810994243472710 
0.821260625307722 
0.832283113905205 
0.844108016179010 
0.856786648483590 
0.870396406434718 
0.884963660000299 
0.900544555741187 
0.917214142264638 
0.935058109156339 
0.954103995858533 
0.974424192742934 
0.996118772870921 
1.019229734602067 
1.043854702215207 
1.070091959057940 
1.097991187119656 
1.127710383701569 
1.159283940107011 
1.192843414559470 
1.228472478747710 
1.266301260135214 
1.306432009143601 
1.349103458318180 
1.394380885883097 
1.442441406742673 
1.493307977221884 
1.547186719381692 
1.604153278168303 
1.664388463282574 
1.728073888703989 
1.795321133122146 
1.866345639073043 
1.941352595839202 
2.020476485403436 
2.103926544834708 
2.191927242564259 
2.284647193268510 
2.382318128123686 
2.485221127271478 
2.593569644436768 
2.707532178077424 
2.827346975483523 
2.953260691099029 
3.085562909315750 
3.224542560076338 
3.370448696216967 
3.523575216875311 
3.684237697605517 
3.852754446618065 
4.029380054268460 
4.214482398075067 
4.408350130328108 
4.611335385748793 
4.823798132527108 
5.046115143478661 
5.278662940465773 
5.521812244741715 
5.775948150685804 
6.041484847559327 
6.318854423009062 
6.608498126733028 
6.910844594766212 
7.226313778438845 
7.555365566214251 
7.898483614996108 
8.256164014888423 
8.628904402409669 
9.017209345855694 
9.421602695075570 
9.842630211412628 
10.280850325797481 
10.736828457191029 
11.211144378217089 
11.704394115905975 
12.217186102468055 
12.750145004736851 
13.303910505777775 
13.879139165574234 
14.476502785302060 
15.096690495333991 
15.740409081352976 
16.408382372961462 
17.101349168799224 
17.820061432553477 
18.565295288301119 
19.337842872165631 
20.138513416691339 
20.968138501245274 
21.827567677338898 
22.717670777197903 
23.639338508521732 
24.593481418550951 
25.581032029963790 
26.602945152901324 
27.660197950048186 
28.753784156676765 
29.884724433733936 
31.054059965217377 
32.262857396512572 
33.512205269942356 
34.803216940463400 
36.137029722312818 
37.514806432031321 
38.937735044406601 
40.407029453020499 
41.923929685585847 
43.489702407932100 
45.105641299016916 
46.773067492416068 
48.493330000625207 
50.267806158899198 
52.097902079064966 
53.985053122627022 
55.930724391942988 
57.936411186728378 
60.003639217783942 
62.133965326544200 
64.328976555974748 
66.590292096671234 
68.919563743741605 
71.318476359246120 
73.788748298222345 
76.332131845745948 
78.950413665924046 
81.645415275350530 
84.418993592724519 
87.273041484034522 
90.209488304286666 
93.230300439619739 
96.337481851577664 
99.533074624415988 
102.819159515904602 
106.197856511874249 
109.671325384630649 
113.241766255287729 
116.911420160033515 
120.682569620324642 
124.557539217004035 
128.538696168346576 
132.628450912054234 
136.829257691238979 
141.143615144457840 
145.574066899881245 
150.123202173696257 
154.793656372863666 
159.588111702357793 
164.509297777029133 
169.559992238232383 
174.743021375367306 
180.061260752472265 
185.517635840006221 
191.115122651946592 
196.856748388316930 
202.745592083244247 
208.784785258628801 
214.977512583488988 
221.327012539030164 
227.836578089452161 
234.509557358496011 
241.349354311697084 
248.359429444281659 
255.543300474608543 
262.904543043016474 
270.446791415884263 
278.173739194662176 
286.089140029544296 
294.196808337382663 
302.500620023320948 
311.004513205502917 
319.712488942039101 
328.628611959218745 
337.757011379694518 
347.101881449061352 
356.667482258862833 
366.458140463581231 
376.478249988575953 
386.732272725208986 
397.224739208492110 
407.960249271480905 
418.943472669260984 
430.179149663674764 
441.672091557830299 
453.427181166810215 
465.449373207756707 
477.743694588431822 
490.315244568270657 
503.169194759510674 
516.310788927831140 
529.745342541543778 
543.478242004948584 
557.514943494149861 
571.860971291511760 
586.521915489717799 
601.503428926826132 
616.811223229663369 
632.451062994538802 
648.428758627668572 
664.750156725398824 
681.421127277587857 
698.447546533436139 
715.835273826959337 
733.590119816764400 
751.717802239697221 
770.223883032084473 
789.113676824725985 
808.392113974189670 
828.063528588175018 
848.131317229918295 
868.597362867156221 
889.461005944492626 
910.717075598412293 
932.351780992392719 
954.332917555801032 
976.569332498782160 
998.712179216291815 
0.000000000000000 
0.000000000000000 
0.000000000000000 
0.000000000000000 
0.000000000000000 
0.000000000000000 
0.000000000000000 
0.000000000000000 
0.000000000000000 
0.000000000000000 
0.000000000000000 
0.000000000000000 
0.000000000000000 
0.000000000000000 
0.000000000000000 
0.000000000000000 
0.000000000000000 
0.000000000000000 
0.000000000000000 
0.000000000000000 
0.000000000000000 
0.000000000000000 
0.000000000000000 
0.000000000000000 
0.000000000000000 
0.000000000000000 
0.000000000000000 
0.000000000000000 
0.000000000000000 
0.000000000000000 
0.000000000000000 
0.000000000000000 
0.000000000000000 
0.000000000000000 
0.000000000000000 
0.000000000000000 
0.000000000000000 
0.000000000000000 
0.000000000000000 
0.000000000000000 
0.000000000000000 
0.000000000000000 
0.000000000000000 
0.000000000000000 
0.000000000000000 
0.000000000000000 
0.000000000000000 
0.000000000000000 
0.000000000000000 
0.000000000000000 
0.000000000000000 
0.000000000000000 
0.000000000000000 
0.000000000000000 
0.000000000000000 
0.000000000000000 
0.000000000000000 
0.000000000000000 
0.000000000000000 
0.000000000000000 
0.000000000000000 
0.000000000000000 
0.000000000000000 
0.000000000000000 
0.000000000000000 
0.000000000000000 
0.000000000000000 
0.000000000000000 
0.000000000000000 
0.000000000000000 
0.000000000000000 
0.000000000000000 
0.000000000000000 
0.000000000000000 
0.000000000000000 
0.000000000000000 
0.000000000000000 
0.000000000000000 
0.000000000000000 
0.000000000000000 
0.000000000000000 
0.000000000000000 
0.000000000000000 
0.000000000000000 
0.000000000000000 
0.000000000000000 
0.000000000000000 
0.000000000000000 
0.000000000000000 
0.000000000000000 
0.006867269780580 
0.014507309039730 
0.022692622920134 
0.031457565576176 
0.040838723926763 
0.050874359944239 
0.061605232096817 
0.073074569060668 
0.085328209642792 
0.098415089671431 
0.112386823291302 
0.127297721136677 
0.143205906638032 
0.160173359006519 
0.178265780914029 
0.197590432785021 
0.221122628469630 
0.248964184796488 
0.278609743060951 
0.310142392517203 
0.343668983999930 
0.379415534142438 
0.417738023628140 
0.458428440770507 
0.501622655960266 
0.547482701395113 
0.596146876682145 
0.647840803151790 
0.704569453098638 
0.767433043789529 
0.834034324671379 
0.904598071791782 
0.979464961920789 
1.058968358374711 
1.143066952399206 
1.232098942459224 
1.326369834610261 
1.426489253083237 
1.534214231927244 
1.649230043512620 
1.770655256192845 
1.898973288238400 
2.034518943633453 
2.177471052475551 
2.328228442722578 
2.487409675379618 
2.656694930477747 
2.835737072929331 
3.024142253593396 
3.222397581209788 
3.430834751864428 
3.650003362121984 
3.880731564613217 
4.123974366896462 
4.379520562861036 
4.647523659625196 
4.928439937085370 
5.223031227055197 
5.532004201700397 
5.855935353673968 
6.194917609766975 
6.549334256841562 
6.919851035427778 
7.307295370760471 
7.712215314239010 
8.134811960521903 
8.575624641453903 
9.035388809355503 
9.514789393992777 
10.014260899040790 
10.534356704187161 
11.075888736322154 
11.639425944699669 
12.225523735248576 
12.834874438546823 
13.468215164651394 
14.126183789531133 
14.809480855560812 
15.518874303358627 
16.255091024169623 
17.018956226895991 
17.811205880637644 
18.632642559204832 
19.484114028438796 
20.366441655238702 
21.280499842086599 
22.227178305272041 
23.207385854058700 
24.222058906068089 
25.272149736708272 
26.358638398474234 
27.482526814512973 
28.644841235737847 
29.846654164258133 
31.089022253870279 
32.373054352232884 
33.699867144737432 
35.070614287241511 
36.486467951353930 
37.948631195410492 
39.458331417774652 
41.016824475669665 
42.625393127051105 
44.285348301113117 
45.998029067562626 
47.764803180626160 
49.587067406459099 
51.466247945251659 
53.403800836360617 
55.401212385367145 
57.459999604269186 
59.581710648060366 
61.767925294519245 
64.020255203843760 
66.340344391668836 
68.729869728688328 
71.190541553293059 
73.724106588432790 
76.332343533719978 
79.017064246774936 
81.780116573926875 
84.623384504095569 
87.548788553584941 
90.558286238739896 
93.653872585825070 
96.837580659252211 
100.111482100797133 
103.477687676746655 
106.938347831559781 
110.495653247277033 
114.151835408185448 
117.909167170377174 
121.769963335916657 
125.736581231386367 
129.811421290629994 
133.996927641557818 
138.295588696921811 
142.709937749013022 
147.242553568273706 
151.896061005854733 
156.673131600186480 
161.576484187657996 
166.608885517529302 
171.773150871221105 
177.072144686138955 
182.508781184202149 
188.086025005249070 
193.806891845490327 
199.674449101176720 
205.691816517635374 
211.862166843820120 
218.188726492498944 
224.674776206186806 
231.323651728909908 
238.138744483863320 
245.123502257000837 
252.281429886566599 
259.616089958552607 
267.131103508030947 
274.830150726277679 
282.716971673562853 
290.795366997434940 
299.069198656277877 
307.542390647845139 
316.218929742405237 
325.102866220032638 
334.198314611457931 
343.509454441751302 
353.040530975925492 
362.795855965329395 
372.779808393422570 
382.996835219182003 
393.451452115970255 
404.148244203175693 
415.091866767285467 
426.287045968267535 
437.738579526142303 
449.451337381422263 
461.430262321588316 
473.680370563909833 
486.206752282604953 
499.014572065457799 
512.109069281401617 
525.495558336061549 
539.179428786529229 
553.166145279399188 
567.461247266867076 
582.070348444136243 
596.999135833860919 
612.253368479381265 
627.838875509320360 
643.761553479578765 
660.027362791277255 
676.642322886867419 
693.612505830058353 
710.944027719313112 
728.643037148726194 
746.715699566104149 
765.168175800798963 
784.006592088849516 
803.236997319480110 
822.865300391741584 
842.897175311489946 
863.337911342775101 
884.192163884831643 
905.463512402292508 
927.153605818642291 
949.260283101767300 
971.771415472760054 
994.637976427550257 
0.724252883719671 
0.724252883719675 
0.724252883720174 
0.724252883728286 
0.724252883784213 
0.724252884027432 
0.724252884822435 
0.724252886963893 
0.724252891981083 
0.724252902561452 
0.724252923113155 
0.724252960486428 
0.724253024873649 
0.724253130907947 
0.724253298980201 
0.724253556794300 
0.724253941180503 
0.724254500186763 
0.724255295467871 
0.724256404992267 
0.724257926086387 
0.724259978836396 
0.724262709867165 
0.724266296518364 
0.724270951437527 
0.724276927609964 
0.724284523845388 
0.724294090741156 
0.724306037142000 
0.724320837116161 
0.724339037467849 
0.724361265805962 
0.724388239189036 
0.724420773366422 
0.724459792635704 
0.724506340336467 
0.724561590000504 
0.724626857178701 
0.724703611964824 
0.724793492236621 
0.724898317634668 
0.725020104299594 
0.725161080388401 
0.725323702390842 
0.725510672266937 
0.725724955427029 
0.725969799575973 
0.726248754443418 
0.726565692422448 
0.726924830139284 
0.727330750977177 
0.727788428578135 
0.728303251346724 
0.728881047980787 
0.729528114054674 
0.730251239681365 
0.731057738280736 
0.731955476482194 
0.732952905190993 
0.734059091848664 
0.735283753919298 
0.736637293634751 
0.738130834033328 
0.739776256328060 
0.741586238642366 
0.743574296152614 
0.745754822678969 
0.748143133767770 
0.750755511310661 
0.753613797745785 
0.756734302816650 
0.760134614097162 
0.763835402466961 
0.767858555455396 
0.772227232218689 
0.776965920421906 
0.782100495083879 
0.787658279443832 
0.793668107908456 
0.800160391137688 
0.807182848729896 
0.814761601560675 
0.822925995579117 
0.831713555620829 
0.841163747763283 
0.851318058542707 
0.862239854213366 
0.873970404946998 
0.886544922580443 
0.900013952222679 
0.914437911812618 
0.929906833866805 
0.946440231171082 
0.964099221260856 
0.982982780356537 
1.003150353655069 
1.024647961445428 
1.047571471148739 
1.071995042551573 
1.097980950948652 
1.125670533437748 
1.155104547020924 
1.186400362687357 
1.219658756834885 
1.254963431364651 
1.292453898238995 
1.332211021191707 
1.374413031010034 
1.419158677691269 
1.466655426976275 
1.517023694563172 
1.570395163004746 
1.626887254316642 
1.686580933614448 
1.749694025236950 
1.816349013547117 
1.886694368422564 
1.960994824910978 
2.039399815765899 
2.122087169788245 
2.209298776432789 
2.301193173891824 
2.397958567065443 
2.499822458491584 
2.607166079928444 
2.720143043672067 
2.838932340581564 
2.963761083117096 
3.094904786239875 
3.232693861661919 
3.377345156190728 
3.529149899856939 
3.688417224592277 
3.855469038906123 
4.030623845680530 
4.214228375887457 
4.406531616615210 
4.607878879103743 
4.818628439226197 
5.039153354359678 
5.269841363095026 
5.511089179280495 
5.763291879695302 
6.026831712525892 
6.302126500635593 
6.589611193579043 
6.889711622896812 
7.202883984358616 
7.529585585048524 
7.870275461330843 
8.225437202350275 
8.595581222916799 
8.981233929534513 
9.382922297218615 
9.801171481829329 
10.236525211908340 
10.689558629681390 
11.160863121449983 
11.651032276606331 
12.160667319525052 
12.690397931183611 
13.240873692165099 
13.812740343722584 
14.406662591583046 
15.023333602639314 
15.663461126700188 
16.327758988089343 
17.016965818119761 
17.731842362093175 
18.473161803415664 
19.241723788491534 
20.038327217913597 
20.863801174299624 
21.718998385905667 
22.604780712906059 
23.522050403244357 
24.471707088962667 
25.454671823741592 
26.471895817896520 
27.524350291027009 
28.613028493237017 
29.738946544810631 
30.903143873033152 
32.106689428382637 
33.350667485106598 
34.636188110541312 
35.964381826596657 
37.336407048175346 
38.753446374849354 
40.216708910288006 
41.727429540161687 
43.286869875606520 
44.896318410688494 
46.557091047978005 
48.270531477079089 
50.038011619531360 
51.860932059167823 
53.740722488444369 
55.678842162710254 
57.676780359689559 
59.736056797683617 
61.858222130975932 
64.044858204477549 
66.297578611265024 
68.618029215687898 
71.007888781138305 
73.468869452923315 
76.002717391077383 
78.611212796307058 
81.296170198068410 
84.059439283050253 
86.902905533199160 
89.828490783061810 
92.838153759092322 
95.933890617847425 
99.117735487848336 
102.391761016386170 
105.758078921490451 
109.218840548963868 
112.776237434295069 
116.432501869249336 
120.189907472951177 
124.050769767293133 
128.017446756537481 
132.092339511002706 
136.277892754764366 
140.576595457325595 
144.990981429251718 
149.523629921790757 
154.177166230530389 
158.954262303171532 
163.857637351517440 
168.890058467801566 
174.054341245488160 
179.353350404691213 
184.790000422363875 
190.367256167412535 
196.088133540884627 
201.955700121378072 
207.973075815802673 
214.143433515622917 
220.469999758682718 
226.956055396707143 
233.604936268551512 
240.420033879245864 
247.404796084864699 
254.562727783219486 
261.897391610353964 
269.412408642779042 
277.111459105360893 
284.998283084726154 
293.076681248007446 
301.350515566694128 
309.823710045281416 
318.500251454335853 
327.384190067491261 
336.479640401761685 
345.790781960411664 
355.321859977431700 
365.077186162435680 
375.061139444507376 
385.278166713170378 
395.732783554214279 
406.429574977569473 
417.373196133751719 
428.568373014578697 
440.019903132826983 
451.732656174257386 
463.711574613861899 
475.961674286261257 
488.488044897785585 
501.295850464783030 
514.390329658955125 
527.776796035832376 
541.460638116556993 
555.447319285600656 
569.742377457472116 
584.351424453749587 
599.280145019509973 
614.534295425122764 
630.119701395693824 
646.042255312951852 
662.307912443291343 
678.922685885904002 
695.892639825830202 
713.223880509442779 
730.922544107218869 
748.994780237570012 
767.446729302798190 
786.284490764583438 
805.514077741436040 
825.141350209918528 
845.171913310164314 
865.610955851480185 
886.462980049856469 
907.731318348059631 
929.417191416967057 
951.517612572393546 
974.018211955209154 
996.861120722102669 
0.000000000000000 
0.000000000000000 
0.000000000000000 
0.000000000000000 
0.000000000000000 
0.000000000000000 
0.000000000000000 
0.000000000000000 
0.000000000000000 
0.000000000000000 
0.000000000000000 
0.000000000000000 
0.000000000000000 
0.000000000000000 
0.000000000000000 
0.000000000000000 
0.000000000000000 
0.000000000000000 
0.000000000000000 
0.000000000000000 
0.000000000000000 
0.000000000000000 
0.000000000000000 
0.000000000000000 
0.000000000000000 
0.000000000000000 
0.000000000000000 
0.000000000000000 
0.000000000000000 
0.000000000000000 
0.000000000000000 
0.000000000000000 
0.000000000000000 
0.000000000000000 
0.000000000000000 
0.000000000000000 
0.000000000000000 
0.000000000000000 
0.000000000000000 
0.000000000000000 
0.000000000000000 
0.000000000000000 
0.000000000000000 
0.000000000000000 
0.000000000000000 
0.000000000000000 
0.000000000000000 
0.000000000000000 
0.000000000000000 
0.000000000000000 
0.000000000000000 
0.000000000000000 
0.000000000000000 
0.000000000000000 
0.000000000000000 
0.000000000000000 
0.000000000000000 
0.000000000000000 
0.000000000000000 
0.000000000000000 
0.000000000000000 
0.000000000000000 
0.000000000000000 
0.000000000000000 
0.000000000000000 
0.000000000000000 
0.000000000000000 
0.000000000000000 
0.000000000000000 
0.000000000000000 
0.000000000000000 
0.000000000000000 
0.000000000000000 
0.000000000000000 
0.000000000000000 
0.000000000000000 
0.000000000000000 
0.000000000000000 
0.000000000000000 
0.000000000000000 
0.000000000000000 
0.000000000000000 
0.000000000000000 
0.000000000000000 
0.000000000000000 
0.000000000000000 
0.000000000000000 
0.000000000000000 
0.000000000000000 
0.000000000000000 
0.001683650749316 
0.009282258994997 
0.017421848818562 
0.026136268595941 
0.035461357650921 
0.045435043364824 
0.056097527083314 
0.067491577893481 
0.079662004080638 
0.092656534652323 
0.106525785414399 
0.121323668243022 
0.137107489364924 
0.153937158303262 
0.171876624868516 
0.190994117143931 
0.211658801944987 
0.236938034514452 
0.266329271219035 
0.297581817281815 
0.330800581756839 
0.366107777501641 
0.403775110135205 
0.444068011895653 
0.486846511000704 
0.532234856637442 
0.580389054852686 
0.631472447914871 
0.685834820524557 
0.745412860752175 
0.811114681490981 
0.880886822673235 
0.954772342872237 
1.033101233460403 
1.116248587698801 
1.204182807535081 
1.297221969127904 
1.395678970747626 
1.500114542385854 
1.612368729065074 
1.732287787201091 
1.858909187936236 
1.992551166942933 
2.133762391651133 
2.282638820575408 
2.439568442581457 
2.605157012959012 
2.780792366621117 
2.966920729353700 
3.162735504309572 
3.368696810713229 
3.585215866788280 
3.812679102639343 
4.051947167605118 
4.304082166858979 
4.569167580947120 
4.847094822399638 
5.138355587453574 
5.443444832525393 
5.763386255672870 
6.098838563221930 
6.449923906503139 
6.816914255381848 
7.200371022366724 
7.601102281825483 
8.019907536345869 
8.457114350924025 
8.913048771730034 
9.388390798192757 
9.883917297749839 
10.400219689191530 
10.937755904093780 
11.497168497681695 
12.079336881868187 
12.684799623900101 
13.314142436027664 
13.968115429877788 
14.647489361885247 
15.352919336881499 
16.085145456843890 
16.844975241815760 
17.633176608495781 
18.450557554207560 
19.297991380492842 
20.176260905534363 
21.086242041030538 
22.028834218013611 
23.004919792971105 
24.015438454499503 
25.061338875971597 
26.143591680409852 
27.263196842069483 
28.421174045346724 
29.618569612883853 
30.856453626689316 
32.135923590749542 
33.458112704764432 
34.824167188429421 
36.235253312993379 
37.692568691703869 
39.197335387450522 
40.750804276267104 
42.354252987018953 
44.008987530246962 
45.716341970057151 
47.477679131813957 
49.294390822188596 
51.167898292402981 
53.099652610903192 
55.091135088491924 
57.143857698177143 
59.259363507724601 
61.439227119560101 
63.685055104755563 
65.998486435410570 
68.381192932514153 
70.834879751344005 
73.361285882150085 
75.962184744307606 
78.639384533983005 
81.394728598657622 
84.230095971423083 
87.147402030323207 
90.148601616053455 
93.235682489365644 
96.410670833669030 
99.675631719353859 
103.032669419117582 
106.483927863122858 
110.031591154179267 
113.677884111249682 
117.425072828134176 
121.275465241674254 
125.231411706923893 
129.295305578043155 
133.469583794246205 
137.756727470399881 
142.159262492014165 
146.679760114451511 
151.320837566249850 
156.085158656507588 
160.975434386325645 
165.994423564345141 
171.144933426454429 
176.429820259767581 
181.851990031005215 
187.414399019422632 
193.120054454446688 
198.972015158185769 
204.973392192982118 
211.127349514169453 
217.437104628193794 
223.905929256240029 
230.537150003495697 
237.334149034163090 
244.300364752311395 
251.439292488638614 
258.754485193189225 
266.249554134046093 
273.928169601990419 
281.794061621086826 
289.851020665123883 
298.102898379794567 
306.553608310461982 
315.207126635299687 
324.067492903537868 
333.138810778466905 
342.425248784764733 
351.931041059598158 
361.660488106815649 
371.617957553379199 
381.807884906975687 
392.234774313491641 
402.903199312718925 
413.817803590268682 
424.983301723188220 
436.404479916177934 
448.086196724574734 
460.033383759357321 
472.251046368310995 
484.744264286099792 
497.518192244281067 
510.578060530165033 
523.929175480762410 
537.576919894751086 
551.526753341218637 
565.784212338696534 
580.354910371437995 
595.244537701861645 
610.458860934933909 
626.003722257479239 
641.885038261565114 
658.108798243932824 
674.681061834381694 
691.607955754765499 
708.895669439160883 
726.550449142576781 
744.578590011867391 
762.986425357424196 
781.780311993940813 
800.966609915364756 
820.551653548257946 
840.541710021609106 
860.942916525061946 
881.761182153333266 
903.002025350543136 
924.670284201323284 
946.769540714565551 
969.300550666427171 
992.255226686325614 
0.754823855264148 
0.754823855264152 
0.754823855264651 
0.754823855272725 
0.754823855328409 
0.754823855570565 
0.754823856362094 
0.754823858494194 
0.754823863489458 
0.754823874023591 
0.754823894485481 
0.754823931695430 
0.754823995801275 
0.754824101372196 
0.754824268709965 
0.754824525397401 
0.754824908103813 
0.754825464667181 
0.754826256472859 
0.754827361148560 
0.754828875595391 
0.754830919374730 
0.754833638470675 
0.754837209447893 
0.754841844024604 
0.754847794080502 
0.754855357119407 
0.754864882206416 
0.754876776399395 
0.754891511694590 
0.754909632506217 
0.754931763699865 
0.754958619199587 
0.754991011188579 
0.755029859923395 
0.755076204181653 
0.755131212363280 
0.755196194265382 
0.755272613550904 
0.755362100931318 
0.755466468083723 
0.755587722322797 
0.755728082048247 
0.755889992988530 
0.756076145261812 
0.756289491275374 
0.756533264484913 
0.756810999035482 
0.757126550306142 
0.757484116380803 
0.757888260468118 
0.758343934293830 
0.758856502489476 
0.759431768002000 
0.760075998549480 
0.760795954148953 
0.761598915743170 
0.762492714954012 
0.763485764991350 
0.764587092747236 
0.765806372106509 
0.767153958506233 
0.768640924777797 
0.770279098307013 
0.772081099549153 
0.774060381937602 
0.776231273226550 
0.778609018310029 
0.781209823561531 
0.784050902740342 
0.787150524512752 
0.790528061638190 
0.794204041872246 
0.798200200640297 
0.802540156949166 
0.807254954341628 
0.812363588745903 
0.817893232891148 
0.823872561061860 
0.830331813634944 
0.837302863789449 
0.844819286445296 
0.852916429484973 
0.861654047803548 
0.871061371865964 
0.881169456786798 
0.892021661796510 
0.903663518924678 
0.916152016636568 
0.929549355292553 
0.943888860592175 
0.959225742815562 
0.975632740556756 
0.993208231632229 
1.011967215425552 
1.031976242944515 
1.053354984765881 
1.076136782737389 
1.100390308674119 
1.126245498085102 
1.153739446124938 
1.182984728851316 
1.214089130236874 
1.247110556766182 
1.282211555493889 
1.319429624267786 
1.358954278074490 
1.400826304624095 
1.445275981834618 
1.492325837617578 
1.542310449517774 
1.595208922439098 
1.651302832764690 
1.710619359949652 
1.773290287237878 
1.839524219682380 
1.909420584007932 
1.983178167457113 
2.061046292569584 
2.143160862609354 
2.229736473350690 
2.321027317821283 
2.417153375679113 
2.518335408775222 
2.624828693708281 
2.737007809049446 
2.855003712631292 
2.979034433361584 
3.109323452416861 
3.246192008806912 
3.389909892038795 
3.540729557617682 
3.698957907649243 
3.864912772625156 
4.038907855666845 
4.221312160630275 
4.412437266069819 
4.612556833108678 
4.822021937871590 
5.041202208825531 
5.270479980392131 
5.510253194082968 
5.760936097979171 
6.022942471730047 
6.296670952213403 
6.582515527850331 
6.880900885782827 
7.192288892937079 
7.517160186726802 
7.855989176070530 
8.209245555339448 
8.577416217620369 
8.961016920605520 
9.360587870914753 
9.776680636381442 
10.209843752123426 
10.660626639646528 
11.129605090917748 
11.617385744584102 
12.124587219291328 
12.651828465989224 
13.199739883568711 
13.768982635913911 
14.360246339041399 
14.974203646253084 
15.611546245700655 
16.273001569641927 
16.959318081121364 
17.671263400252514 
18.409590691795231 
19.175092600603914 
19.968576312795985 
20.790869708820512 
21.642826947202849 
22.525303367702872 
23.439188001336021 
24.385388645675327 
25.364827129947582 
26.378451277927955 
27.427230241381238 
28.512154638830143 
29.634238066814973 
30.794516871727676 
31.994052564596252 
33.233928895705233 
34.515253422347513 
35.839158585935159 
37.206800545166999 
38.619359432353917 
40.078040896660298 
41.584076401054944 
43.138723889228956 
44.743268131907939 
46.399021206754355 
48.107322902902467 
49.869541162060855 
51.687072508565663 
53.561342491292685 
55.493806129759193 
57.485948367466662 
59.539284521552844 
61.655360745503074 
63.835754455467978 
66.082074783593413 
68.395963053001239 
70.779093299781081 
73.233172785708831 
75.759942524034756 
78.361177702058669 
81.038688069795938 
83.794318443069571 
86.629949320235582 
89.547497337877758 
92.548916057262758 
95.636196076933345 
98.811365671323017 
102.076491468971724 
105.433679046726326 
108.885073497059096 
112.432859991049312 
116.079264343663993 
119.826553583274688 
123.677036525879572 
127.633064354036094 
131.697031200374539 
135.871374735537103 
140.158576760405282 
144.561163802508247 
149.081707716538403 
153.722826288937625 
158.487183846552767 
163.377491869391179 
168.396509607535108 
173.547044702305044 
178.831953811776032 
184.254143240775534 
189.816569575499670 
195.522240322895414 
201.374214554957575 
207.375603558090461 
213.529571487679164 
219.839336028007608 
226.308169057647802 
232.939397320433613 
239.736403102113570 
246.702624912760541 
253.841558174994645 
261.156755918053705 
268.651829477721833 
276.330449202099487 
284.196345163165631 
292.253307874055281 
300.505189011928621 
308.955902146267988 
317.609423472386140 
326.469792549858482 
335.541113045520888 
344.827553480577421 
354.333347981244344 
364.062797032215371 
374.020268232058754 
384.210197049437284 
394.637087578774299 
405.305513293660738 
416.220117795890133 
427.385615557505957 
438.806792652623813 
450.488507475033884 
462.435691436639331 
474.653349640628448 
487.146561521833689 
499.920481444958739 
512.980339249132271 
526.331440724492722 
539.979168003068139 
553.928979841870841 
568.186411770684344 
582.757076070237872 
597.646661538509079 
612.860933001254125 
628.405730477095858 
644.286967911015267 
660.510631362017875 
677.082776489358366 
694.009525128432870 
711.297060671850659 
728.951621860901696 
746.979494427664122 
765.386999774590095 
784.180479477355220 
803.366273740014776 
822.950690813465826 
842.939962397276759 
863.340176307525894 
884.157170221950309 
905.396354172470183 
927.062390730969128 
949.158549718979884 
971.684872041803146 
994.630927850168973 
0.000000000000000 
0.000000000000000 
0.000000000000000 
0.000000000000000 
0.000000000000000 
0.000000000000000 
0.000000000000000 
0.000000000000000 
0.000000000000000 
0.000000000000000 
0.000000000000000 
0.000000000000000 
0.000000000000000 
0.000000000000000 
0.000000000000000 
0.000000000000000 
0.000000000000000 
0.000000000000000 
0.000000000000000 
0.000000000000000 
0.000000000000000 
0.000000000000000 
0.000000000000000 
0.000000000000000 
0.000000000000000 
0.000000000000000 
0.000000000000000 
0.000000000000000 
0.000000000000000 
0.000000000000000 
0.000000000000000 
0.000000000000000 
0.000000000000000 
0.000000000000000 
0.000000000000000 
0.000000000000000 
0.000000000000000 
0.000000000000000 
0.000000000000000 
0.000000000000000 
0.000000000000000 
0.000000000000000 
0.000000000000000 
0.000000000000000 
0.000000000000000 
0.000000000000000 
0.000000000000000 
0.000000000000000 
0.000000000000000 
0.000000000000000 
0.000000000000000 
0.000000000000000 
0.000000000000000 
0.000000000000000 
0.000000000000000 
0.000000000000000 
0.000000000000000 
0.000000000000000 
0.000000000000000 
0.000000000000000 
0.000000000000000 
0.000000000000000 
0.000000000000000 
0.000000000000000 
0.000000000000000 
0.000000000000000 
0.000000000000000 
0.000000000000000 
0.000000000000000 
0.000000000000000 
0.000000000000000 
0.000000000000000 
0.000000000000000 
0.000000000000000 
0.000000000000000 
0.000000000000000 
0.000000000000000 
0.000000000000000 
0.000000000000000 
0.000000000000000 
0.000000000000000 
0.000000000000000 
0.000000000000000 
0.000000000000000 
0.000000000000000 
0.000000000000000 
0.000000000000000 
0.000000000000000 
0.000000000000000 
0.000000000000000 
0.000000000000000 
0.000000000000000 
0.000000000000000 
0.000000000000000 
0.000000000000000 
0.003691794704764 
0.013583318395793 
0.024199896221267 
0.035592631292249 
0.047817151687865 
0.060932002019200 
0.075000554557750 
0.090091217680362 
0.106279159022602 
0.123642036688579 
0.142265251909450 
0.162242396672560 
0.184021152380034 
0.208296541844571 
0.234436819726654 
0.262486699058051 
0.292589801048847 
0.326169054824143 
0.366622720325187 
0.410141789899557 
0.456619695929401 
0.506244449563269 
0.559227413230067 
0.616423073181882 
0.677966450099809 
0.743699928419379 
0.814302120006100 
0.889710449335406 
0.970004644319971 
1.056673437341162 
1.150605577336806 
1.250677006559208 
1.357517872632851 
1.471008406969037 
1.591645655767099 
1.719665992551463 
1.855307590008179 
1.998821023409178 
2.151394191681205 
2.313344819215258 
2.484528122398662 
2.665266558921440 
2.855797046659118 
3.056394425072696 
3.267452144966992 
3.490024534362983 
3.724106022861595 
3.969911822737420 
4.227768137395586 
4.498187825446652 
4.781635504583424 
5.078599180834896 
5.389362530551842 
5.714315217872569 
6.054082274238219 
6.409076454491405 
6.779735589092478 
7.166511167683648 
7.569936079032682 
7.990536763704945 
8.428913581292777 
8.885518856972496 
9.360917069975885 
9.855703057062387 
10.370459466675756 
10.905782793861214 
11.462308773891495 
12.040692817904159 
12.641615118678855 
13.265714033444308 
13.913692263216262 
14.586262547359627 
15.284147968299989 
16.008101277884389 
16.758890349178809 
17.537302671209641 
18.344146462106579 
19.180250049799078 
20.046476963017547 
20.943692035901002 
21.872778817987502 
22.834648905673053 
23.830232514035838 
24.860485437671947 
25.926384875499085 
27.028932078390469 
28.169150749675872 
29.348088281016661 
30.566815939346146 
31.826429249788603 
33.128048251402873 
34.472817897488511 
35.861908436667221 
37.296515876648428 
38.777862356399041 
40.307196571546783 
41.885799532022247 
43.514971321687227 
45.196040186406144 
46.930364464382876 
48.719330990032390 
50.564355829096066 
52.466884713498430 
54.428393423126842 
56.450388198037899 
58.534406107987394 
60.682015314006676 
62.894815676679087 
65.174439232410265 
67.522550754292169 
69.940848277224831 
72.431063593054446 
74.994962734246215 
77.634346464777522 
80.351050786535922 
83.146947462522007 
86.023944551976129 
88.983986950084031 
92.029056930093034 
95.161174687882394 
98.382398889436232 
101.694827221601173 
105.100596946386489 
108.601885458972205 
112.200910849531681 
115.899932468946417 
119.701251498477774 
123.607211523461132 
127.620199111093996 
131.742644392400223 
135.977021648464103 
140.325849901035127 
144.791693507614184 
149.377162761132297 
154.084914494332338 
158.917652688961027 
163.878129089863904 
168.969143824062570 
174.193546024876980 
179.554234461120473 
185.054158171375576 
190.696317103313504 
196.483762757983186 
202.419598838944836 
208.506981913684342 
214.749122059384604 
221.149283501614718 
227.710785333392721 
234.437002158332291 
241.331364761849784 
248.397360783929088 
255.638535392375843 
263.058491955304532 
270.660892711335407 
278.449459434964638 
286.427974091225792 
294.600279500792510 
302.970279973286893 
311.541941921071441 
320.319294464498512 
329.306430005881225 
338.507504769875709 
347.926739302126066 
357.568418916447627 
367.436894078941975 
377.536580715209141 
387.871960424186341 
398.447580579005944 
409.268054291543024 
420.338060212886830 
431.662342136681900 
443.245708365936821 
455.093030796265111 
467.209243659278059 
479.599341858581965 
492.268378816991230 
505.221463736413170 
518.463758150394142 
532.000471622154009 
545.836856406168408 
559.978200846255277 
574.429821222977580 
589.197051674472505 
604.285231749442346 
619.699691024191907 
635.445729681285002 
651.528594361948763 
667.953447537340026 
684.725328358656611 
701.849102016414122 
719.329393308107910 
737.170498043276666 
755.376262603679152 
773.949916510565004 
792.893833498134654 
812.209179907165890 
831.895377968180696 
851.949249602710552 
872.363574977202916 
893.124497719286637 
914.206440990059036 
935.561000117322692 
957.089002799794457 
978.557432169286017 
999.359335299347435 
0.627027200264196 
0.627027200264200 
0.627027200264713 
0.627027200273038 
0.627027200330440 
0.627027200580073 
0.627027201396043 
0.627027203593972 
0.627027208743470 
0.627027219602853 
0.627027240696524 
0.627027279055365 
0.627027345140537 
0.627027453971060 
0.627027626475539 
0.627027891088442 
0.627028285611279 
0.627028859359077 
0.627029675612532 
0.627030814396204 
0.627032375603151 
0.627034482486384 
0.627037285537513 
0.627040966772997 
0.627045744448369 
0.627051878220860 
0.627059674780802 
0.627069493972260 
0.627081755423299 
0.627096945706359 
0.627115626049196 
0.627138440616900 
0.627166125385524 
0.627199517627896 
0.627239566032271 
0.627287341474481 
0.627344048464401 
0.627411037287555 
0.627489816862881 
0.627582068337729 
0.627689659441386 
0.627814659618555 
0.627959355964462 
0.628126269983506 
0.628318175193632 
0.628538115598981 
0.628789425053725 
0.629075747540426 
0.629401058386791 
0.629769686445225 
0.630186337260231 
0.630656117249444 
0.631184558924853 
0.631777647181705 
0.632441846683530 
0.633184130372872 
0.634012009138477 
0.634933562671042 
0.635957471541033 
0.637093050533651 
0.638350283277688 
0.639739858206763 
0.641273205893354 
0.642962537797944 
0.644820886477710 
0.646862147301217 
0.649101121717751 
0.651553562131993 
0.654236218436833 
0.657166886259039 
0.660368469261736 
0.663860929278744 
0.667662258296582 
0.671795000761461 
0.676283018076821 
0.681151548395552 
0.686427268535112 
0.692138358072762 
0.698314565675369 
0.704991112737778 
0.712216424879491 
0.720007905844784 
0.728402383821420 
0.737438625738182 
0.747157417805875 
0.757622335407516 
0.768875409210237 
0.780948659475261 
0.793891881158583 
0.807770465795157 
0.822647615926117 
0.838561274524086 
0.855571709933250 
0.873792620426711 
0.893242751111383 
0.913995074577515 
0.936159848962820 
0.959773549662189 
0.984969069840235 
1.011829523269892 
1.040428664536178 
1.070977050260211 
1.103423019607499 
1.137938748133661 
1.174559678368428 
1.213488496339374 
1.254765753551416 
1.298584311249672 
1.345010484150823 
1.394178414699847 
1.446276589511715 
1.501391375238175 
1.559749667986171 
1.621456442110209 
1.686647563280662 
1.755549716948635 
1.828297139820560 
1.905054777335844 
1.986039243680975 
2.071495057356825 
2.161579120227092 
2.256491155355163 
2.356432959693276 
2.461676894792736 
2.572406007759625 
2.688851049611297 
2.811252744838229 
2.939867091992476 
3.075004203766515 
3.216890388244650 
3.365816637948213 
3.522070370945887 
3.685941643768581 
3.857731478056176 
4.037752288235628 
4.226337089265219 
4.423817906809830 
4.630522478071514 
4.846813013782370 
5.073047471658229 
5.309594782156816 
5.556838700071717 
5.815176642789371 
6.085018750000144 
6.366783656067230 
6.660898763980883 
6.967802200669400 
7.287947752915686 
7.621805428033224 
7.969840756373223 
8.332532514237297 
8.710382209913607 
9.103905592806138 
9.513631342361409 
9.940100613900027 
10.383866757176966 
10.845499109469818 
11.325581916358493 
11.824713310723846 
12.343506669002579 
12.882591448222531 
13.442612656744796 
14.024230559178209 
14.628120603754690 
15.254975219742404 
15.905504317377108 
16.580434511110415 
17.280509944502292 
18.006492993627202 
18.759164478970348 
19.539323859682714 
20.347789846421367 
21.185400781337968 
22.053014392824672 
22.951507732147792 
23.881778285386190 
24.844744813976469 
25.841347281963969 
26.872547329095525 
27.939328233557511 
29.042695624744994 
30.183678021923495 
31.363326993973505 
32.582717589925849 
33.842948604037574 
35.145143134053583 
36.490448987423832 
37.880039138327355 
39.315112086805215 
40.796892302019558 
42.326630641636903 
43.905604655756967 
45.535118808114845 
47.216505140275267 
48.951123738635886 
50.740363293725125 
52.585641511887964 
54.488405527602843 
56.450132313423026 
58.472329065623143 
60.556533617422147 
62.704314964312864 
64.917273761513570 
67.197042906959936 
69.545288032053946 
71.963707980845101 
74.454035287386930 
77.018036666400562 
79.657513520713707 
82.374302462766167 
85.170275848374203 
88.047342311989169 
91.007447303661422 
94.052573628663637 
97.184741990368622 
100.406011536718083 
103.718480410469454 
107.124286303327025 
110.625607014021128 
114.224661010379037 
117.923707995427264 
121.725049477568177 
125.631029344882421 
129.644034443620114 
133.766495160954378 
138.000886012082162 
142.349726231763555 
146.815580370397726 
151.401058894732955 
156.108818793305772 
160.941564186700191 
165.902046942700792 
170.993067296403751 
176.217474475326952 
181.578167329531652 
187.078094966743180 
192.720257392417153 
198.507706154658052 
204.443544993848832 
210.530930496575678 
216.773072753541129 
223.173236022389403 
229.734739394161409 
236.460957460834607 
243.355320985868332 
250.421317575990514 
257.662492353146206 
265.082448625312793 
272.684848554641917 
280.473413821169345 
288.451926280694522 
296.624228612677314 
304.994224951695855 
313.565881503369667 
322.343227139739042 
331.330353965784866 
340.531417851029744 
349.950638917866286 
359.592301976640272 
369.460756895598990 
379.560418891542781 
389.895768724324057 
400.471352775142122 
411.291782984777853 
422.361736623387344 
433.685955858067814 
445.269247077917953 
457.116479928503736 
469.232585998162790 
481.622557087017640 
494.291442975339123 
507.244348590230970 
520.486430447458588 
534.022892217154777 
547.858979226126962 
561.999971662748180 
576.451176189052376 
591.217915583591548 
606.305515929362969 
621.719290672820875 
637.464520710895613 
653.546429425119413 
669.970151014155363 
686.740689942599033 
703.862868373141055 
721.341257028320456 
739.180082707378119 
757.383102111987569 
775.953425700898151 
794.893265061510419 
814.203558862910313 
833.883397558299066 
853.929096814195191 
874.332617879570194 
895.078674506928792 
916.138918206125254 
937.458690640765326 
958.920907239214898 
980.215020689194716 
1000.000000000000000 
0.000000000000000 
0.000000000000000 
0.000000000000000 
0.000000000000000 
0.000000000000000 
0.000000000000000 
0.000000000000000 
0.000000000000000 
0.000000000000000 
0.000000000000000 
0.000000000000000 
0.000000000000000 
0.000000000000000 
0.000000000000000 
0.000000000000000 
0.000000000000000 
0.000000000000000 
0.000000000000000 
0.000000000000000 
0.000000000000000 
0.000000000000000 
0.000000000000000 
0.000000000000000 
0.000000000000000 
0.000000000000000 
0.000000000000000 
0.000000000000000 
0.000000000000000 
0.000000000000000 
0.000000000000000 
0.000000000000000 
0.000000000000000 
0.000000000000000 
0.000000000000000 
0.000000000000000 
0.000000000000000 
0.000000000000000 
0.000000000000000 
0.000000000000000 
0.000000000000000 
0.000000000000000 
0.000000000000000 
0.000000000000000 
0.000000000000000 
0.000000000000000 
0.000000000000000 
0.000000000000000 
0.000000000000000 
0.000000000000000 
0.000000000000000 
0.000000000000000 
0.000000000000000 
0.000000000000000 
0.000000000000000 
0.000000000000000 
0.000000000000000 
0.000000000000000 
0.000000000000000 
0.000000000000000 
0.000000000000000 
0.000000000000000 
0.000000000000000 
0.000000000000000 
0.000000000000000 
0.000000000000000 
0.000000000000000 
0.000000000000000 
0.000000000000000 
0.000000000000000 
0.000000000000000 
0.000000000000000 
0.000000000000000 
0.000000000000000 
0.000000000000000 
0.000000000000000 
0.000000000000000 
0.000000000000000 
0.000000000000000 
0.000000000000000 
0.000000000000000 
0.000000000000000 
0.000000000000000 
0.000000000000000 
0.000000000000000 
0.000000000000000 
0.000000000000000 
0.000000000000000 
0.000000000000000 
0.000000000000000 
0.000000000000000 
0.000000000000000 
0.000000000000000 
0.000000000000000 
0.000000000000000 
0.000000000000000 
0.000000000000000 
0.002282263971127 
0.012711849320176 
0.023896790992384 
0.035889073402443 
0.048744951380123 
0.062525047097703 
0.077294925005069 
0.093123641239874 
0.110086159830157 
0.128264485230414 
0.147744910349460 
0.168620118692522 
0.190992808918346 
0.216193361822474 
0.243429234631195 
0.272635072282265 
0.303943499267107 
0.337890827967535 
0.378223139623937 
0.423463189901275 
0.471714968494135 
0.523198246487378 
0.578102806327943 
0.636918582920224 
0.700420366934025 
0.768331926643301 
0.841005888048043 
0.918851849439646 
1.001827930748636 
1.090188568710820 
1.186149787565440 
1.289278695164794 
1.399019351286838 
1.515934618129962 
1.640068185427912 
1.771728124807758 
1.911362992093411 
2.059203277179985 
2.215426141956360 
2.381439230740224 
2.557555386744151 
2.743431082150333 
2.939345526240018 
3.145812831877314 
3.363042236702898 
3.591445380018945 
3.831888647830284 
4.084884521774732 
4.350270215232244 
4.628464162689456 
4.919901432018525 
5.225262655928266 
5.545059342475398 
5.879574661397040 
6.229151255625298 
6.594292553573427 
6.975688243327131 
7.373805882906833 
7.789009051248895 
8.221828642910213 
8.672873508779320 
9.142708428204980 
9.631875958910566 
10.141019862284248 
10.670694793051499 
11.221516581690540 
11.794130681591906 
12.389191876914431 
13.007363740202418 
13.649340082008383 
14.315835714903319 
15.007619284357727 
15.725385046749278 
16.469906151578819 
17.241971695987434 
18.042370733233767 
18.871931182278828 
19.731492994926672 
20.621917965647349 
21.544090848862403 
22.498916024194113 
23.487321123702031 
24.510264401952007 
25.568721768456975 
26.663675214967974 
27.796144040754577 
28.967163121911884 
30.177797105991466 
31.429132507553071 
32.722282151439202 
34.058382395259343 
35.438595116896963 
36.864107597307623 
38.336133368966131 
39.855912414653893 
41.424711638676122 
43.043825236955371 
44.714575106168198 
46.438311253852362 
48.216412217229532 
50.050285494544191 
51.941367989884583 
53.891126478689735 
55.901063091014265 
57.972702180923193 
60.107601168510612 
62.307350306037890 
64.573571418759187 
66.907918894990871 
69.312080308573712 
71.787776941062617 
74.336764192538354 
76.960831982975506 
79.661805246516053 
82.441544406530838 
85.301945917281415 
88.244942817196332 
91.272505279968129 
94.386641164178215 
97.589396563745680 
100.882856360756165 
104.269144781511457 
107.750425956210151 
111.328904482441317 
115.006825992559925 
118.786477724956683 
122.670189099216458 
126.660332295160643 
130.759322835781603 
134.969620174098509 
139.293728283986837 
143.734196255059743 
148.293618891699907 
152.974637316363385 
157.779939577291429 
162.712261260778348 
167.774386108151674 
172.969146637623908 
178.299424771171601 
183.768152466594358 
189.378312354894490 
195.132938383108467 
201.035116462702945 
207.087985123631711 
213.294736174130264 
219.658615366302286 
226.182923067528037 
232.871014937699243 
239.726302612255040 
246.752254390965277 
253.952395932364084 
261.330310953703361 
268.889641936240878 
276.634090835621862 
284.567419797041168 
292.693451874790412 
301.016071755683868 
309.539226485735355 
318.266926199287411 
327.203244849606961 
336.352320939708648 
345.718358251860082 
355.305626573855079 
365.118462419666685 
375.161269741512797 
385.438520629658001 
395.954755995385540 
406.714586231484020 
417.722691843238863 
428.983824041244020 
440.502805285277702 
452.284529765898469 
464.333963807218765 
476.656146170286604 
489.256188231478006 
502.139274003933281 
515.310659961999249 
528.775674618292101 
542.539717789639440 
556.608259470685084 
570.986838210705855 
585.681058796047637 
600.696586746148910 
616.039151058646212 
631.714532533639385 
647.728558415619318 
664.087092802579946 
680.796023846862340 
697.861246554039326 
715.288639416159754 
733.084032219720484 
751.253160909162261 
769.801602929659907 
788.734682181747985 
808.057324900287767 
827.773832794856276 
847.887509379835478 
868.400009196652718 
889.310122678412313 
910.611297261726122 
932.285971605030909 
954.290617152531809 
976.497266706986011 
998.377878707849845 
0.653339633773892 
0.653339633773896 
0.653339633774400 
0.653339633782582 
0.653339633838996 
0.653339634084334 
0.653339634886263 
0.653339637046374 
0.653339642107268 
0.653339652779800 
0.653339673510525 
0.653339711209349 
0.653339776157435 
0.653339883115377 
0.653340052651678 
0.653340312711550 
0.653340700446075 
0.653341264321749 
0.653342066530434 
0.653343185719760 
0.653344720063989 
0.653346790695398 
0.653349545516188 
0.653353163410986 
0.653357858879962 
0.653363887112619 
0.653371549522315 
0.653381199761593 
0.653393250238372 
0.653408179153148 
0.653426538077285 
0.653448960092569 
0.653476168512212 
0.653508986203530 
0.653548345532584 
0.653595298951121 
0.653651030246263 
0.653716866473438 
0.653794290593202 
0.653884954832713 
0.653990694792765 
0.654113544321505 
0.654255751176142 
0.654419793494224 
0.654608397096331 
0.654824553642408 
0.655071539664290 
0.655352936497463 
0.655672651135582 
0.656034938031837 
0.656444421871914 
0.656906121344018 
0.657425473932238 
0.658008361760433 
0.658661383529504 
0.659394243259509 
0.660211609551032 
0.661121458885761 
0.662132360845539 
0.663253510995224 
0.664494765038543 
0.665866674284474 
0.667380522463487 
0.669048363934959 
0.670883063329053 
0.672898336668439 
0.675108794017412 
0.677529983708049 
0.680178438195187 
0.683071721594100 
0.686228478956617 
0.689668487343233 
0.693412708750232 
0.697483344952004 
0.701903894319448 
0.706705261855658 
0.711912401446518 
0.717549188994521 
0.723644973042071 
0.730230716847597 
0.737339068323213 
0.745004432332601 
0.753267925292183 
0.762184027982989 
0.771773578771701 
0.782078895278311 
0.793144455039334 
0.805027589757421 
0.817803207212468 
0.831488969896564 
0.846138956126391 
0.861830253146634 
0.878636507465538 
0.896588627329883 
0.915760573223435 
0.936251856842303 
0.958096744803146 
0.981391711158213 
1.006227150431786 
1.032653717877483 
1.060835796097565 
1.090793883830511 
1.122734263143343 
1.156697808372322 
1.192814457327797 
1.231166193571394 
1.271874688717872 
1.315024043036371 
1.360817657908880 
1.409299459466943 
1.460694181997789 
1.515075693477594 
1.572608196746542 
1.633477334790594 
1.697777465268150 
1.765702015356732 
1.837461818507356 
1.913199000137383 
1.993113057890531 
2.077441031147238 
2.166298870800747 
2.259911303013348 
2.358520884747421 
2.462420939101321 
2.571751464864781 
2.686738086489212 
2.807615687190756 
2.934638016773124 
3.068114568601079 
3.208267047798344 
3.355379781605911 
3.509739339241547 
3.671647460153828 
3.841427844069714 
4.019378636563382 
4.205821732016690 
4.401057110263351 
4.605433288155433 
4.819304718761582 
5.043038079611146 
5.277011698141889 
5.521610123587712 
5.777221991280571 
6.044247029115809 
6.323107979643049 
6.614239490031322 
6.918082792505716 
7.235062763247313 
7.565637680986180 
7.910283219774925 
8.269490370107164 
8.643761690306473 
9.033607696351798 
9.439551980812459 
9.862136197415156 
10.301917172962213 
10.759463575500204 
11.235357601484059 
11.730196483172524 
12.244591410750012 
12.779168405832534 
13.334570147849311 
13.911455157293860 
14.510498004409499 
15.132390601385850 
15.777842069769456 
16.447578291373084 
17.142340972957733 
17.862887061140732 
18.609995172407324 
19.384460675290978 
20.187096590890775 
21.018737333533757 
21.880236007716306 
22.772465694691061 
23.696320301516362 
24.652713426794627 
25.642580631703243 
26.666879657987266 
27.726588853644500 
28.822706455381720 
29.956255553688919 
31.128281357006465 
32.339853546944504 
33.592063989699412 
34.886028798807757 
36.222888174936593 
37.603807927139101 
39.029979033726107 
40.502618434200997 
42.022969224183541 
43.592301177433995 
45.211911116184631 
46.883123360198809 
48.607290153142429 
50.385792111415292 
52.220038683023141 
54.111468629551602 
56.061550545083136 
58.071783321211015 
60.143695845861274 
62.278848095577331 
64.478831074619080 
66.745267888291735 
69.079814258986104 
71.484159021608932 
73.960024542949554 
76.509167142516006 
79.133377577435084 
81.834481518257931 
84.614340110026390 
87.474850525010794 
90.417946507607567 
93.445598917629695 
96.559816275166497 
99.762645308458588 
103.056171505427130 
106.442519669128728 
109.923854477230378 
113.502381045524089 
117.180345495463087 
120.960035525692803 
124.843780987555505 
128.833954464561771 
132.932971855840520 
137.143292963602022 
141.467422084671028 
145.907908606169059 
150.467347605441944 
155.148380454350701 
159.953695428049997 
164.886028318392249 
169.948163052100057 
175.142932313849172 
180.473218174403286 
185.941952723935231 
191.552118710660181 
197.306750184896543 
203.208933148651766 
209.261806210819145 
215.468561248046740 
221.832444071326648 
228.356755098322282 
235.044850031432048 
241.900140541555658 
248.926094957502812 
256.126238960939645 
263.504156286733860 
271.063489428506898 
278.807940349134583 
286.741271195876777 
294.867305019716184 
303.189926498381169 
311.713082662395379 
320.440783623319703 
329.377103303157241 
338.526180163626179 
347.892217933688869 
357.479486333337775 
367.292321791148993 
377.335128152511743 
387.612377374702191 
398.128610204053643 
408.888436829335376 
419.896537504056312 
431.157663128669469 
442.676635781501716 
454.458349184556823 
466.507769087010900 
478.829933545047538 
491.429953071443492 
504.313010621695298 
517.484361375058029 
530.949332258066761 
544.713321144124166 
558.781795644377667 
573.160291380487593 
587.854409596558185 
602.869813988522992 
618.212226675216812 
633.887422063144754 
649.901219438162798 
666.259472916152163 
682.968058020773469 
700.032853613072461 
717.459717284217049 
735.254451348897646 
753.422754979851334 
771.970155314909107 
790.901905593554602 
810.222829583241491 
829.937074478290015 
850.047699167787414 
870.555946131919882 
891.459852829998908 
912.751328835148570 
934.409126120564906 
956.378437342016468 
978.493980585236613 
1000.000000000000000 
0.000000000000000 
0.000000000000000 
0.000000000000000 
0.000000000000000 
0.000000000000000 
0.000000000000000 
0.000000000000000 
0.000000000000000 
0.000000000000000 
0.000000000000000 
0.000000000000000 
0.000000000000000 
0.000000000000000 
0.000000000000000 
0.000000000000000 
0.000000000000000 
0.000000000000000 
0.000000000000000 
0.000000000000000 
0.000000000000000 
0.000000000000000 
0.000000000000000 
0.000000000000000 
0.000000000000000 
0.000000000000000 
0.000000000000000 
0.000000000000000 
0.000000000000000 
0.000000000000000 
0.000000000000000 
0.000000000000000 
0.000000000000000 
0.000000000000000 
0.000000000000000 
0.000000000000000 
0.000000000000000 
0.000000000000000 
0.000000000000000 
0.000000000000000 
0.000000000000000 
0.000000000000000 
0.000000000000000 
0.000000000000000 
0.000000000000000 
0.000000000000000 
0.000000000000000 
0.000000000000000 
0.000000000000000 
0.000000000000000 
0.000000000000000 
0.000000000000000 
0.000000000000000 
0.000000000000000 
0.000000000000000 
0.000000000000000 
0.000000000000000 
0.000000000000000 
0.000000000000000 
0.000000000000000 
0.000000000000000 
0.000000000000000 
0.000000000000000 
0.000000000000000 
0.000000000000000 
0.000000000000000 
0.000000000000000 
0.000000000000000 
0.000000000000000 
0.000000000000000 
0.000000000000000 
0.000000000000000 
0.000000000000000 
0.000000000000000 
0.000000000000000 
0.000000000000000 
0.000000000000000 
0.000000000000000 
0.000000000000000 
0.000000000000000 
0.000000000000000 
0.000000000000000 
0.000000000000000 
0.000000000000000 
0.000000000000000 
0.000000000000000 
0.000000000000000 
0.000000000000000 
0.000000000000000 
0.000000000000000 
0.000000000000000 
0.000000000000000 
0.000000000000000 
0.000000000000000 
0.000000000000000 
0.000000000000000 
0.000000000000000 
0.000000000000000 
0.002982920844242 
0.014019974709949 
0.025847276650669 
0.038520537141822 
0.052097030403511 
0.066639052888345 
0.082213641425429 
0.098894178735270 
0.116757019063653 
0.135885077980244 
0.156369027120657 
0.178304397426159 
0.201794293213854 
0.228100119835205 
0.256656618516119 
0.287254647488330 
0.320036519169867 
0.355313352039598 
0.396731926073392 
0.444020403960724 
0.494433281375498 
0.548174232009093 
0.605459293868046 
0.666607938112315 
0.732665369597239 
0.803364328656213 
0.878858179773193 
0.959770326318295 
1.046015491976516 
1.137780124036016 
1.236539799768606 
1.343562633149497 
1.457319174341955 
1.578428766541353 
1.707057268824634 
1.843550942630272 
1.988050521095461 
2.141211214464659 
2.303050339495853 
2.474247335720561 
2.656273549571513 
2.848620989880531 
3.051317661362392 
3.264735026965277 
3.489398619184772 
3.725615885028144 
3.973892233821416 
4.235074521251260 
4.509433914413252 
4.796975043024664 
5.098151396054436 
5.413483681707351 
5.743623582532669 
6.089177455919746 
6.450320508135571 
6.827445847017144 
7.221130729896613 
7.631987469417625 
8.060701725729629 
8.507525325708716 
8.973037424324364 
9.457877615977797 
9.962660359939058 
10.487912605119991 
11.034299253465775 
11.602506436424202 
12.193112173501348 
12.806779066795190 
13.444228414890537 
14.106147940136545 
14.793245453029950 
15.506280534949003 
16.246007566686259 
17.013246106979416 
17.808766748066532 
18.633381647663779 
19.487943027705398 
20.373295062851657 
21.290321090969933 
22.239922530255313 
23.223021212266005 
24.240562473237841 
25.293509414454288 
26.382851150383772 
27.509598145863151 
28.674791905386058 
29.879500344785495 
31.124791784342037 
32.411781178851619 
33.741595770701203 
35.115393081096329 
36.534351602825609 
37.999679144023332 
39.512608552693095 
41.074400491288891 
42.686342583103084 
44.349750335344815 
46.065967293335383 
47.836365529880425 
49.662346022376639 
51.545339082631237 
53.486804783212499 
55.488233398786093 
57.551145857865265 
59.677094180403188 
61.867661942254870 
64.124464669222036 
66.449150269157016 
68.843401079113519 
71.308932885707506 
73.847491358734644 
76.460858608857933 
79.150851952511843 
81.919323834161730 
84.768162516860343 
87.699292689717169 
90.714676032913815 
93.816311765581759 
97.006237190141164 
100.286528239065092 
103.659300026268539 
107.126707403721809 
110.690945523278486 
114.354250403507990 
118.118899501280424 
121.987212287864224 
125.961550829331287 
130.044320371104163 
134.237969926522482 
138.544992869346288 
142.967927530157766 
147.509357796660936 
152.171913717915828 
156.958272112579095 
161.871157181250595 
166.913341123051595 
172.087644756581255 
177.396938145408569 
182.844141228270416 
188.432224454146649 
194.164209422383522 
200.043169528030546 
206.072230612546065 
212.254571620013735 
218.593425258995694 
225.092078670128330 
231.753874099550899 
238.582209578227150 
245.580539607204116 
252.752375848819185 
260.101287823845610 
267.630903614531917 
275.344910573459515 
283.247056038100709 
291.341148050926392 
299.631056084846932 
308.120711773719563 
316.814109647576913 
325.715307872143626 
334.828428992094132 
344.157660677371382 
353.707256471714345 
363.481536542339882 
373.484888429458863 
383.721767793994445 
394.196699161470690 
404.914276659559960 
415.879164746165713 
427.096098924188766 
438.569886438191190 
450.305406947057691 
462.307613165340740 
474.581531464246950 
487.132262421080100 
499.964981303277000 
513.084938469847657 
526.497459668854617 
540.207946204320024 
554.221874939305280 
568.544798093499821 
583.182342783246099 
598.140210238984082 
613.424174652875195 
629.040081460097213 
644.993844959282228 
661.291445089189892 
677.938923101576279 
694.942375782188492 
712.307947739112933 
730.041821078382100 
748.150201481978911 
766.639299225116247 
785.515302895579794 
804.784342280331657 
824.452434620368990 
844.525404295795738 
865.008758011817235 
885.907481084344795 
907.225683585195839 
928.965932913417532 
951.127825656746154 
973.703436602492275 
996.658167000639196 
0.680917582424223 
0.680917582424227 
0.680917582424728 
0.680917582432847 
0.680917582488831 
0.680917582732299 
0.680917583528116 
0.680917585671763 
0.680917590694083 
0.680917601285271 
0.680917621857989 
0.680917659269476 
0.680917723722534 
0.680917829865255 
0.680917998109367 
0.680918256187090 
0.680918640966343 
0.680919200544214 
0.680919996638545 
0.680921107297520 
0.680922629947123 
0.680924684796366 
0.680927418620142 
0.680931008939617 
0.680935668620028 
0.680941650905794 
0.680949254912844 
0.680958831598075 
0.680970790225869 
0.680985605351609 
0.681003824342165 
0.681026075453356 
0.681053076484384 
0.681085644029345 
0.681124703345911 
0.681171298861378 
0.681226605336332 
0.681291939706281 
0.681368773621698 
0.681458746707070 
0.681563680559667 
0.681685593508946 
0.681826716157703 
0.681989507726320 
0.682176673221743 
0.682391181453148 
0.682636283916601 
0.682915534571483 
0.683232810531889 
0.683592333696776 
0.683998693343282 
0.684456869708271 
0.684972258584010 
0.685550696954712 
0.686198489701679 
0.686922437405825 
0.687729865277581 
0.688628653245453 
0.689627267235939 
0.690734791679052 
0.691960963275351 
0.693316206062163 
0.694811667818591 
0.696459257850885 
0.698271686201881 
0.700262504330379 
0.702446147308571 
0.704842391294404 
0.707469733819408 
0.710339931870398 
0.713471476030469 
0.716883978822979 
0.720598227078627 
0.724636236191175 
0.729021306322636 
0.733778080619252 
0.738932605499627 
0.744512393075604 
0.750546485765019 
0.757077746416220 
0.764129745540681 
0.771734230521137 
0.779927128318820 
0.788746256988806 
0.798231404531326 
0.808438728038975 
0.819408568261160 
0.831178169960663 
0.843796132521754 
0.857320042630037 
0.871846475039743 
0.887384976584357 
0.903994420893540 
0.921772781590402 
0.940783094015909 
0.961062314910536 
0.982705779660368 
1.005789838466554 
1.030367781792837 
1.056575875018039 
1.084458038898862 
1.114122871478820 
1.145675446176435 
1.179212925760252 
1.214935271924173 
1.252848727230031 
1.293182798282093 
1.335926936447914 
1.381242730865456 
1.429252450680623 
1.480085983616144 
1.533966299679587 
1.590942097736198 
1.651219782144819 
1.714922141654621 
1.782188570407095 
1.853250917155222 
1.928254043914593 
2.007377703596468 
2.090893743033640 
2.178942388994429 
2.271686422485364 
2.369336860254107 
2.472190997073145 
2.580514447565428 
2.694465761000905 
2.814264202466882 
2.940151313113699 
3.072445547016149 
3.211370515497619 
3.357193596789700 
3.510206702448173 
3.670713551453978 
3.839021988745507 
4.015454158805817 
4.200350993896446 
4.393986269387708 
4.596696325791648 
4.808834421967703 
5.030768412030054 
5.262877219876817 
5.505548562694845 
5.759180611446961 
6.024177883982128 
6.300952253140728 
6.589918037693629 
6.891498361351314 
7.206147393049033 
7.534328416296002 
7.876511478917124 
8.233177091551045 
8.604825785570185 
8.991975998943104 
9.395156051105554 
9.814902722116850 
10.251763874492438 
10.706306281283892 
11.179117492546064 
11.670794528275019 
12.181946001002308 
12.713200160369274 
13.265203157541105 
13.838607675375602 
14.434082257475259 
15.052320010984374 
15.694029221714606 
16.359929141638066 
17.050761395306179 
17.767288515384536 
18.510288006201314 
19.280559180887639 
20.078906782989947 
20.906163085084525 
21.763182240354890 
22.650831574590761 
23.570008473699719 
24.521619173362787 
25.506591406943492 
26.525879001355385 
27.580455700426143 
28.671317869517555 
29.799484339433249 
30.965998250275582 
32.171931548101796 
33.418373181212750 
34.706434125146572 
36.037245847811405 
37.411969932497769 
38.831791514641722 
40.297922565775878 
41.811600689448696 
43.374090312960782 
44.986682732185855 
46.650696689063466 
48.367478732812110 
50.138403674737880 
51.964875018095896 
53.848325406409401 
55.790217077716392 
57.792042326138471 
59.855323934405824 
61.981615658008010 
64.172502565545784 
66.429601531005119 
68.754561740250068 
71.149065476148309 
73.614828468486479 
76.153600042767181 
78.767163824181992 
81.457337950067753 
84.225975770198744 
87.074966476840075 
90.006235672376746 
93.021745915215106 
96.123497261526026 
99.313527809235083 
102.593914246412226 
105.966772404654634 
109.434257817502811 
112.998566283741994 
116.661934435396432 
120.426640310224954 
124.295003928545967 
128.269387874252146 
132.352197879902121 
136.545883415813393 
140.852938283110518 
145.275901210721315 
149.817356456339468 
154.479934411407896 
159.266312210198862 
164.179214343097158 
169.221413274203911 
174.395730063404642 
179.705034993044450 
185.152248199369012 
190.740340308886061 
196.472333079801416 
202.351300048680201 
208.380367182467637 
214.562713536001240 
220.901571915118836 
227.400229545461826 
234.062028747047691 
240.890367614662921 
247.888700704113234 
255.060539724331136 
262.409454235330770 
269.939072351953200 
277.653081453325285 
285.555228897907512 
293.649322743975063 
301.939232475305005 
310.428889731798279 
319.122289044676336 
328.023488575805629 
337.136610860583971 
346.465843553684579 
356.015440176775542 
365.789720867124856 
375.793073125720298 
386.029952563220888 
396.504883641633228 
407.222460409120401 
418.187347224713221 
429.404279468951302 
440.878064235507395 
452.613580997721328 
464.615782242492628 
476.889694062225090 
489.440416693298630 
502.273124986796347 
515.393068793790462 
528.805573243195568 
542.516038884791215 
556.529941663175350 
570.852832679752282 
585.490337689250055 
600.448156265588977 
615.732060590015408 
631.347893634963611 
647.301566683221381 
663.599055972154474 
680.246398194122548 
697.249684491658172 
714.615052445797119 
732.348675345901256 
750.456747707487580 
768.945465498046588 
787.820998708252091 
807.089452522023521 
826.756810914296125 
846.828852053188484 
867.311016244609277 
888.208189250930218 
909.524323507995632 
931.261718042865482 
953.419460270379432 
975.988309001921834 
998.928851198806001 
0.000000000000000 
0.000000000000000 
0.000000000000000 
0.000000000000000 
0.000000000000000 
0.000000000000000 
0.000000000000000 
0.000000000000000 
0.000000000000000 
0.000000000000000 
0.000000000000000 
0.000000000000000 
0.000000000000000 
0.000000000000000 
0.000000000000000 
0.000000000000000 
0.000000000000000 
0.000000000000000 
0.000000000000000 
0.000000000000000 
0.000000000000000 
0.000000000000000 
0.000000000000000 
0.000000000000000 
0.000000000000000 
0.000000000000000 
0.000000000000000 
0.000000000000000 
0.000000000000000 
0.000000000000000 
0.000000000000000 
0.000000000000000 
0.000000000000000 
0.000000000000000 
0.000000000000000 
0.000000000000000 
0.000000000000000 
0.000000000000000 
0.000000000000000 
0.000000000000000 
0.000000000000000 
0.000000000000000 
0.000000000000000 
0.000000000000000 
0.000000000000000 
0.000000000000000 
0.000000000000000 
0.000000000000000 
0.000000000000000 
0.000000000000000 
0.000000000000000 
0.000000000000000 
0.000000000000000 
0.000000000000000 
0.000000000000000 
0.000000000000000 
0.000000000000000 
0.000000000000000 
0.000000000000000 
0.000000000000000 
0.000000000000000 
0.000000000000000 
0.000000000000000 
0.000000000000000 
0.000000000000000 
0.000000000000000 
0.000000000000000 
0.000000000000000 
0.000000000000000 
0.000000000000000 
0.000000000000000 
0.000000000000000 
0.000000000000000 
0.000000000000000 
0.000000000000000 
0.000000000000000 
0.000000000000000 
0.000000000000000 
0.000000000000000 
0.000000000000000 
0.000000000000000 
0.000000000000000 
0.000000000000000 
0.000000000000000 
0.000000000000000 
0.000000000000000 
0.000000000000000 
0.000000000000000 
0.000000000000000 
0.000000000000000 
0.000000000000000 
0.000000000000000 
0.000000000000000 
0.000000000000000 
0.000000000000000 
0.000000000000000 
0.000000000000000 
0.000000000000000 
0.005403995467437 
0.017108796099853 
0.029643985048544 
0.043066199701564 
0.057436762492012 
0.072821179054636 
0.089288302437402 
0.106913022154098 
0.125777137614022 
0.145966227088291 
0.167572544057321 
0.190696913256678 
0.215575653067044 
0.243279011847965 
0.273334840308596 
0.305515536714276 
0.339975327276766 
0.376915348847016 
0.420796963250503 
0.470401448675319 
0.523268925674218 
0.579579148871366 
0.639581909192703 
0.703549402392102 
0.772675569775581 
0.846619949070554 
0.925488572336598 
1.010007719297736 
1.100016686886591 
1.195790991658710 
1.298702469104140 
1.410077145241228 
1.528648810363833 
1.654761318630223 
1.788563411750816 
1.930656076009244 
2.081025101366500 
2.240182246136890 
2.408468544411487 
2.586360391804630 
2.775107291507385 
2.974857492598964 
3.185319162134949 
3.406864407820348 
3.639878044388177 
3.884952816314628 
4.142437390292441 
4.413103973506297 
4.697340214068547 
4.995411113511019 
5.307521935083351 
5.634211216844771 
5.976082139455956 
6.333776778550041 
6.707692098163426 
7.098120760650476 
7.505579382739461 
7.930704410251459 
8.374066122960944 
8.836291061263735 
9.317751522802142 
9.819086469995481 
10.340933338064358 
10.883892730587316 
11.448558608665506 
12.035619209201638 
12.645824209417739 
13.279744684316446 
13.938092228930905 
14.621625161248026 
15.331061617930001 
16.067140203067311 
16.830662125217934 
17.622422383388901 
18.443234515773227 
19.293983709754254 
20.175481324160472 
21.088609630035716 
22.034274580132085 
23.013377679086084 
24.026866004669074 
25.075699684083226 
26.160860793095168 
27.283358182571405 
28.444221542790615 
29.644505739109853 
30.885289448626132 
32.167677469669563 
33.492820169535719 
34.861849734707164 
36.275951273987246 
37.736323754206893 
39.244198255851515 
40.800830299008496 
42.407503521493524 
44.065528832289431 
45.776245258179735 
47.541020227357755 
49.361250021416296 
51.238360193791301 
53.173805998114318 
55.169072825430717 
57.225676647368530 
59.345164464087617 
61.529114758881391 
63.779137943319725 
66.096876803086403 
68.484006957035945 
70.942237381662054 
73.473310910872456 
76.079004669414758 
78.761130608769591 
81.521535938700481 
84.362106598357329 
87.284759807205802 
90.291450476053384 
93.384171928398473 
96.564955246182009 
99.835869940070125 
103.199024564946612 
106.656567296031682 
110.210686496632661 
113.863611285472317 
117.617612106765989 
121.475001304421411 
125.438133700852134 
129.509407180472266 
133.691263277767035 
137.986187769783157 
142.396711272890371 
146.925409843697508 
151.574905584044672 
156.347867250040167 
161.247010865146081 
166.275100337359220 
171.434948080566045 
176.729415640174551 
182.161414323156578 
187.733905832644353 
193.449902907239192 
199.312469965198943 
205.324723753666262 
211.489834003101691 
217.811024087074230 
224.291571687551993 
230.934809465821047 
237.744125739141793 
244.722965163235301 
251.874829420667879 
259.203277915180024 
266.711928471981992 
274.404458044007242 
282.284603424088687 
290.356161962988040 
298.622992293170228 
307.089015058171583 
315.758213647361856 
324.634634935836914 
333.722390029108055 
343.025655012165203 
352.548671702383274 
362.295748405608208 
372.271260674597102 
382.479652068783025 
392.925434914087873 
403.613191061200268 
414.547572640353508 
425.733302810173882 
437.175176497589632 
448.878061125081445 
460.846897320673520 
473.086699604980936 
485.602557048288475 
498.399633888974165 
511.483170102534530 
524.858481907902728 
538.530962194557219 
552.506080849901196 
566.789384961363226 
581.386498861378527 
596.303123975847825 
611.545038433516993 
627.118096361638436 
643.028226782726051 
659.281432008423053 
675.883785390584421 
692.841428241853578 
710.160565671516906 
727.847460986516808 
745.908428165340752 
764.349821696212416 
783.178022732115323 
802.399419966326377 
822.020382708874990 
842.047222021851780 
862.486132769979690 
883.343103539801973 
904.623768859312804 
926.333148731871461 
948.475137556606796 
971.051127754443769 
994.054839285156731 
0.708682153497635 
0.708682153497639 
0.708682153498137 
0.708682153506219 
0.708682153561941 
0.708682153804267 
0.708682154596356 
0.708682156729958 
0.708682161728745 
0.708682172270307 
0.708682192746629 
0.708682229982821 
0.708682294133878 
0.708682399779255 
0.708682567235041 
0.708682824103512 
0.708683207079838 
0.708683764035743 
0.708684556399883 
0.708685661854732 
0.708687177369769 
0.708689222590744 
0.708691943604802 
0.708695517101283 
0.708700154947969 
0.708706109202594 
0.708713677579418 
0.708723209390691 
0.708735111982835 
0.708749857687194 
0.708767991305217 
0.708790138147967 
0.708817012649896 
0.708849427576827 
0.708888303848172 
0.708934680993457 
0.708989728263287 
0.709054756414978 
0.709131230193196 
0.709220781526025 
0.709325223457072 
0.709446564834356 
0.709587025776928 
0.709749053940398 
0.709935341602807 
0.710148843592589 
0.710392796080705 
0.710670736259451 
0.710986522930874 
0.711344358028267 
0.711748809094790 
0.712204832743924 
0.712717799127217 
0.713293517435585 
0.713938262461383 
0.714658802249454 
0.715462426866516 
0.716356978319459 
0.717350881654506 
0.718453177270630 
0.719673554482237 
0.721022386367814 
0.722510765943093 
0.724150543699166 
0.725954366548101 
0.727935718220643 
0.730108961162856 
0.732489379980737 
0.735093226484127 
0.737937766383442 
0.741041327694913 
0.744423350912043 
0.748104441002844 
0.752108323703237 
0.756470653526171 
0.761202706990927 
0.766330382803635 
0.771881035810805 
0.777883541072643 
0.784368360166038 
0.791367609772765 
0.798915132604537 
0.807058742695222 
0.815833438855538 
0.825270637207016 
0.835411935598875 
0.846301052964135 
0.857989104056178 
0.870541458254128 
0.883988144429289 
0.898382327320028 
0.913786579529828 
0.930312838580173 
0.947965667786266 
0.966809247738180 
0.986960023435878 
1.008458853502383 
1.031363098095233 
1.055802252107141 
1.081815826900764 
1.109500807696326 
1.138977440493423 
1.170287035868232 
1.203596643128458 
1.238939456635628 
1.276601146779052 
1.316547692377474 
1.359019179113655 
1.404003077385236 
1.451700593788138 
1.502168003095812 
1.555624395886515 
1.612202512431529 
1.672036566459872 
1.735309630026134 
1.802121049452153 
1.872669866553257 
1.947163519560641 
2.025742359568583 
2.108610242145437 
2.196059096113844 
2.288180178478756 
2.385181618988040 
2.487292052448392 
2.594828111367735 
2.707987203742585 
2.826990968124084 
2.952061303429116 
3.083475794157603 
3.221499474970297 
3.366387471445154 
3.518420989314103 
3.677897177943724 
3.845131398665054 
4.020437065680680 
4.204162027688422 
4.396606206743636 
4.598094828377032 
4.808966691745951 
5.029581174570043 
5.260315644647317 
5.501560520313111 
5.753719560172433 
6.017201243575562 
6.292424556735291 
6.579782454871345 
6.879698037459284 
7.192621174574434 
7.519020236317659 
7.859371117701038 
8.214156564279703 
8.583870036069985 
8.969020911361030 
9.370138365424170 
9.787767415332302 
10.222460241688845 
10.674778152851042 
11.145300196452506 
11.634622875585364 
12.143362108198918 
12.672141378101417 
13.221597993359360 
13.792392670988985 
14.385207797481348 
15.000727042494168 
15.639644697613274 
16.302689281998607 
16.990609510525172 
17.704163213146913 
18.444116558008492 
19.211269170651946 
20.006441391921740 
20.830462401710022 
21.684180886371163 
22.568453850746621 
23.484173227406867 
24.432249897077156 
25.413608913327103 
26.429201383059709 
27.479999311613518 
28.566996228341893 
29.691208605685482 
30.853675709409892 
32.055461710953779 
33.297653268395017 
34.581360610660631 
35.907719641508123 
37.277888303805568 
38.693049766448944 
40.154412320964170 
41.663210263291830 
43.220704275815976 
44.828181896318547 
46.486957958005590 
48.198375018523620 
49.963803800473357 
51.784643628597408 
53.662322875176670 
55.598299409769524 
57.594061055623584 
59.651126044063417 
61.771043479288082 
63.955393777072118 
66.205789119343095 
68.523873926734808 
70.911325393753344 
73.369853994482895 
75.901203946303625 
78.507153697848139 
81.189516350268150 
83.950140144046230 
86.790909223439911 
89.713743717287969 
92.720600595842356 
95.813474090783018 
98.994396231936307 
102.265437454470231 
105.628707191965447 
109.086354452413957 
112.640568387511948 
116.293578861776027 
120.047657024497212 
123.905115885727525 
127.868310896677443 
131.939640534566792 
136.121546891850187 
140.416516269711394 
144.827079775730226 
149.355813925653734 
154.005341249235926 
158.778330900143942 
163.677499269961260 
168.705610606347449 
173.865477635442517 
179.159962188621307 
184.591975833727219 
190.164480510921464 
195.880489173296297 
201.743066432403538 
207.755329208847854 
213.920447388091674 
220.241644481609569 
226.722198293520421 
233.365441592809645 
240.174762791239800 
247.153606627028466 
254.305474854353463 
261.633926938720606 
269.142580758210329 
276.835113310587246 
284.715261426230427 
292.786822486810422 
301.053655149598683 
309.519680077250428 
318.188880672856442 
327.065303819987037 
336.153060627385571 
345.456327177873391 
354.979345280915595 
364.726423228160741 
374.701936551101767 
384.910328779786710 
395.356112201262931 
406.043868616111922 
416.978250091042412 
428.163979705029988 
439.605852285889057 
451.308735133437835 
463.277568724502771 
475.517367393897757 
488.033219984130824 
500.830290454881833 
513.913818441175749 
527.289119746538518 
540.961586754127097 
554.936688734692325 
569.219972025043489 
583.817060044237223 
598.733653107088571 
613.975527993080959 
629.548537186407884 
645.458607705282702 
661.711739412116799 
678.314002658603044 
695.271535070273899 
712.590537205467740 
730.277266722703189 
748.338030540372984 
766.779174243517559 
785.607067632119424 
804.828084719373919 
824.448575498327727 
844.474825046572505 
864.912992285507244 
885.769014271602600 
907.048448136368734 
928.756190153957277 
950.895917921283854 
973.468539541491964 
996.466241962578579 
