0.000000000000000 
0.000000000000000 
0.000000000000000 
0.000000000000000 
0.000000000000000 
0.000000000000000 
0.000000000000000 
0.000000000000000 
0.000000000000000 
0.000000000000000 
0.000000000000000 
0.000000000000000 
0.000000000000000 
0.000000000000000 
0.000000000000000 
0.000000000000000 
0.000000000000000 
0.000000000000000 
0.000000000000000 
0.000000000000000 
0.000000000000000 
0.000000000000000 
0.000000000000000 
0.000000000000000 
0.000000000000000 
0.000000000000000 
0.000000000000000 
0.000000000000000 
0.000000000000000 
0.003116175185244 
0.024432368481386 
0.050742088253162 
0.083070995194956 
0.122649874904294 
0.171972315043018 
0.243739308824586 
0.334620535234314 
0.444942789539831 
0.579352119687771 
0.750114539256298 
0.956793871752925 
1.204246439453371 
1.505479712031119 
1.864661828213694 
2.290504678212911 
2.794111607005676 
3.384073251426357 
4.073296104708735 
4.872449246852343 
5.793966129991395 
6.850393014359268 
8.055326399382787 
9.423174794799364 
10.969431376757171 
12.711221855126798 
14.666500338103477 
16.854372837252392 
19.295659945269847 
22.012919618717525 
25.030515073608676 
28.374679276740430 
32.073583591469585 
36.157415568291711 
40.658460253184771 
45.611189921278743 
51.052363372901006 
57.021130995457895 
63.559144771395360 
70.710673315113056 
78.522721744149351 
87.045156106450037 
96.330832033444665 
106.435727281215080 
117.419077866596325 
129.343517590861012 
142.275220843669871 
156.284048659252420 
171.443698020770597 
187.831854347350145 
205.530346923499849 
224.625306677231009 
245.207325366686575 
267.371614102118315 
291.218155336684561 
316.851849005671738 
344.382646852155062 
373.925644345935893 
405.601131241643202 
439.534559144236027 
475.856378942921879 
514.701669226438412 
556.209424735821813 
600.521276862928971 
647.779223758278363 
698.121525361420254 
751.674918488558887 
808.538800822087182 
868.749918336985161 
932.193803544768571 
998.222717019526272 
0.667430207760378 
0.667430207769558 
0.667430208935459 
0.667430227837747 
0.667430358170808 
0.667430924973209 
0.667432777663779 
0.667437768153816 
0.667449460307243 
0.667474117027855 
0.667522011272692 
0.667609107337503 
0.667759158860374 
0.668006270186333 
0.668397968097048 
0.668998831537178 
0.669894728006872 
0.671197706935224 
0.673051602857665 
0.675638404904988 
0.679185454328760 
0.683973538894752 
0.690346695317608 
0.698823901487772 
0.709831564490394 
0.723972717077526 
0.741961801965690 
0.764640195988238 
0.792993377886522 
0.828169853648397 
0.871734624169346 
0.925156483623758 
0.990118546628450 
1.069003129466966 
1.164069967476052 
1.278386010678572 
1.415303007643996 
1.578234721518256 
1.770845732189244 
1.998332967300417 
2.265551875657428 
2.578105288550996 
2.942325953736928 
3.365453743499768 
3.854885867866326 
4.418804593818651 
5.066439357462355 
5.807801479032970 
6.653745178184346 
7.616056471412347 
8.707485500145776 
9.941832419344134 
11.334002848006893 
12.900091745855519 
14.657452305527876 
16.624697497173244 
18.821807964595450 
21.270251447853539 
23.993088412178178 
27.015061960898194 
30.362684500946031 
34.064337040148160 
38.150361581717057 
42.653156180115182 
47.607279890896258 
53.049559771058085 
59.019200301837344 
65.557897030584499 
72.709954267623090 
80.522406826770634 
89.045145711773159 
98.331047583993822 
108.436107822204349 
119.419577006375164 
131.344100711303412 
144.275862558624567 
158.284730517819327 
173.444406438742760 
189.832578712055295 
207.531077761077370 
226.626033737237492 
247.208035275542017 
269.372287171066205 
293.218763623637756 
318.852352533502881 
346.382981970619880 
375.925714148327017 
407.600789025515269 
441.533584021944819 
477.854439649169990 
516.698269655257491 
558.203819920340038 
602.512338237590370 
649.765210532410833 
700.099665090135773 
753.640565900466754 
810.483534938598041 
870.656513612525714 
934.020367972101667 
1000.000000000000000 
0.000000000000000 
0.000000000000000 
0.000000000000000 
0.000000000000000 
0.000000000000000 
0.000000000000000 
0.000000000000000 
0.000000000000000 
0.000000000000000 
0.000000000000000 
0.000000000000000 
0.000000000000000 
0.000000000000000 
0.000000000000000 
0.000000000000000 
0.000000000000000 
0.000000000000000 
0.000000000000000 
0.000000000000000 
0.000000000000000 
0.000000000000000 
0.000000000000000 
0.000000000000000 
0.000000000000000 
0.000000000000000 
0.000000000000000 
0.000000000000000 
0.000000000000000 
0.000000000000000 
0.000000000000000 
0.017448779587518 
0.043479364508142 
0.075432234174908 
0.114502457104204 
0.162122674889856 
0.227521740832859 
0.316415902113692 
0.424667336287198 
0.555113400776062 
0.718189988286404 
0.920467223535485 
1.161990700693607 
1.452666434967506 
1.803458590152603 
2.218381527881475 
2.709486231328718 
3.286496298295532 
3.959887252198578 
4.742736647302852 
5.646991781948684 
6.685710810255384 
7.872485349501975 
9.221877345872306 
10.749398582074605 
12.471714559905875 
14.406933218368970 
16.574822536892203 
18.995904193933487 
21.692450932339284 
24.688550677549181 
28.010172852334208 
31.685227888914071 
35.743653508455644 
40.217492777087742 
45.140975902269190 
50.550617758348842 
56.485320925244011 
62.986482395028375 
70.098105487893065 
77.866917137847565 
86.342490389391202 
95.577371778392603 
105.627213181351124 
116.550907702265121 
128.410729226027229 
141.272475386690701 
155.205613847068861 
170.283431925126649 
186.583189699172124 
204.186276756456749 
223.178372708621566 
243.649611477543033 
265.694749145026094 
289.413334827144809 
314.909883509047461 
342.294048928235156 
371.680793195222122 
403.190547496095292 
436.949354240223784 
473.088974135667058 
511.746929451988763 
553.066432095789992 
597.196100343617672 
644.289275997903815 
694.502559469278026 
747.992530337369885 
804.908055434233120 
865.369603707340502 
929.400968746959279 
996.444443438668145 
0.697091738349826 
0.697091738358975 
0.697091739521018 
0.697091758360741 
0.697091888262416 
0.697092453188774 
0.697094299747148 
0.697099273719051 
0.697110927171339 
0.697135502273280 
0.697183237960418 
0.697270045625282 
0.697419600098580 
0.697665892348710 
0.698056290629147 
0.698655157327367 
0.699548069636659 
0.700846693549186 
0.702694362771688 
0.705272417263352 
0.708807360500647 
0.713578900613203 
0.719928948490417 
0.728271655963049 
0.739104589032842 
0.753021144113990 
0.770724327756997 
0.793042029550239 
0.820943919607368 
0.855698736789010 
0.898736254504006 
0.951395593894858 
1.015431056490148 
1.093301208477454 
1.186943852303067 
1.299740700702747 
1.434476377657944 
1.595227829314149 
1.785290504092852 
2.009661266738421 
2.273295166902670 
2.581729434034839 
2.941354509856953 
3.359230394338129 
3.842734181095430 
4.400018582779624 
5.040215679605487 
5.773342943904571 
6.610287416972850 
7.562801822494398 
8.643623838978819 
9.866513853949570 
11.246341923814674 
12.799145312034021 
14.542218773973975 
16.494207419385070 
18.675154751876253 
21.106425197163553 
23.810949537120873 
26.813334012977499 
30.139920065880759 
33.818916899557770 
37.880491096369951 
42.356848369904000 
47.282344540013753 
52.693594340519056 
58.629578362304031 
65.131755050240145 
72.244176896156333 
80.013610920643728 
88.489663434864241 
97.724908947788180 
107.775022995392263 
118.698918639400347 
130.558886417970939 
143.420737615147090 
157.353950822924276 
172.431821868356820 
188.731617241402603 
206.334731169456973 
225.326846431882700 
245.798098884124101 
267.843245449640278 
291.561835001060103 
317.058381014469546 
344.442534006393089 
373.829250315780257 
405.338951366689741 
439.097663426278814 
475.237120747153085 
513.894802308516887 
555.213848851135253 
599.342760794591186 
646.434683089450459 
696.645865239533578 
750.132238226900654 
807.041399582630902 
867.491333515873976 
931.503249390396604 
998.473583405870158 
0.000000000000000 
0.000000000000000 
0.000000000000000 
0.000000000000000 
0.000000000000000 
0.000000000000000 
0.000000000000000 
0.000000000000000 
0.000000000000000 
0.000000000000000 
0.000000000000000 
0.000000000000000 
0.000000000000000 
0.000000000000000 
0.000000000000000 
0.000000000000000 
0.000000000000000 
0.000000000000000 
0.000000000000000 
0.000000000000000 
0.000000000000000 
0.000000000000000 
0.000000000000000 
0.000000000000000 
0.000000000000000 
0.000000000000000 
0.000000000000000 
0.000000000000000 
0.000000000000000 
0.000000000000000 
0.011500828340401 
0.037333181500568 
0.069017690963529 
0.107725012184119 
0.154857541612429 
0.215781290704522 
0.301629500329659 
0.408229239533011 
0.537028150438086 
0.693756033864533 
0.891760237598912 
1.129516686038443 
1.413291136207913 
1.756094521433960 
2.163888366647616 
2.645117797148524 
3.212359781095718 
3.874608334327224 
4.644755844448517 
5.535832565439845 
6.560896222995445 
7.733716658437725 
9.068947441502480 
10.582154280343980 
12.290014045634290 
14.210435097926965 
16.362815300414262 
18.768453842656584 
21.449426273103818 
24.429636413942415 
27.734906315363723 
31.392917925108421 
35.433405564741960 
39.888232794057586 
44.791448521045780 
50.179388320716527 
56.090779415120103 
62.566843235023683 
69.651403376168048 
77.390999843812821 
85.835009327558794 
95.035771036046498 
105.048717576597355 
115.932510361099887 
127.749179054958631 
140.564264673383434 
154.446966064537321 
169.470289677730193 
185.711202661769050 
203.250789440966088 
222.174411952641663 
242.571873691350447 
264.537587588754263 
288.170747555876574 
313.575503199329944 
340.861136732987291 
370.142240323860165 
401.538890828836315 
435.176816740327070 
471.187548536327881 
509.708537374106982 
550.883215940276045 
594.860954593330007 
641.796826188661157 
691.851011166598028 
745.187445199735521 
801.970769674108283 
862.358853504643776 
926.481262926524323 
994.306181287282698 
0.728060345412904 
0.728060345421934 
0.728060346568836 
0.728060365163098 
0.728060493372292 
0.728061050938256 
0.728062873437932 
0.728067782604271 
0.728079284224585 
0.728103539139859 
0.728150652885317 
0.728236329552039 
0.728383935533721 
0.728627018988392 
0.729012331149303 
0.729603396148146 
0.730484676889536 
0.731766385906023 
0.733589992247337 
0.736134478589514 
0.739623407208052 
0.744332859581744 
0.750600322479482 
0.758834603589105 
0.769526871928039 
0.783262931739129 
0.800736851779865 
0.822766082127090 
0.850430006019446 
0.885033532043443 
0.927654342666931 
0.979803254236270 
1.043364941229484 
1.120482341451543 
1.213198220224423 
1.324965723545451 
1.458118723311026 
1.617454038514380 
1.805777792624407 
2.027997676518921 
2.289188963863243 
2.594770364753321 
2.951127868101729 
3.365337752693611 
3.844691780029462 
4.397336398771944 
5.032330910443843 
5.759631773507224 
6.590138994425656 
7.535635776322858 
8.608846205666701 
9.823511278750765 
11.194482687436029 
12.737765587777977 
14.470610399496156 
16.411590211718465 
18.580710261061771 
20.999514392409225 
23.690856422102375 
26.679406979705814 
29.991237589470686 
33.654432700735853 
37.699063137337546 
42.157201276618409 
47.063061170460692 
52.453116263981265 
58.366199869748108 
64.843614875967234 
71.929248471989837 
79.669691433138439 
88.114361918262574 
97.315633679037376 
107.328968485050694 
118.213052500684185 
130.029936334469937 
142.845178526229716 
156.727992330592286 
171.751395771422750 
187.992365048428894 
205.531991446918482 
224.455641916215029 
244.853123432857757 
266.818851145756810 
290.452020099120659 
315.856780013216280 
343.142412106333722 
372.423506141864550 
403.820134570356515 
437.458018442646051 
473.468676054032244 
511.989538859648178 
553.164007772469745 
597.141401708006697 
644.076709407133990 
694.129970315251967 
747.464872186190178 
804.245590921738653 
864.629030379994674 
928.742469045370513 
996.542254826283397 
0.000000000000000 
0.000000000000000 
0.000000000000000 
0.000000000000000 
0.000000000000000 
0.000000000000000 
0.000000000000000 
0.000000000000000 
0.000000000000000 
0.000000000000000 
0.000000000000000 
0.000000000000000 
0.000000000000000 
0.000000000000000 
0.000000000000000 
0.000000000000000 
0.000000000000000 
0.000000000000000 
0.000000000000000 
0.000000000000000 
0.000000000000000 
0.000000000000000 
0.000000000000000 
0.000000000000000 
0.000000000000000 
0.000000000000000 
0.000000000000000 
0.000000000000000 
0.000000000000000 
0.000000000000000 
0.006277777046231 
0.031959658320521 
0.063440764216328 
0.101874600841314 
0.148640338193176 
0.206888797247904 
0.289085904350674 
0.394449790876838 
0.521824259041261 
0.675245099424949 
0.867907064552650 
1.102716599516272 
1.382116645128000 
1.718060755520219 
2.119726506123751 
2.593585916123473 
3.152380778305764 
3.805998775856060 
4.566303541827573 
5.446136032508822 
6.460237147778630 
7.621458459046670 
8.945108236573727 
10.446568643566323 
12.142639472406756 
14.051191710249144 
16.191480883293210 
18.584472298149091 
21.252971604073085 
24.220657084132078 
27.513101950119754 
31.157830815221335 
35.184426366848349 
39.624610026057745 
44.512306563080571 
49.883729764359089 
55.777480408895997 
62.234648830513365 
69.298922758247443 
77.016700905240143 
85.437212299226218 
94.612641126792795 
104.598256747143040 
115.452548458801573 
127.237364572974286 
140.018055373998095 
153.863619634834663 
168.846854489241991 
185.044508611662621 
202.537438785565882 
221.410770021628025 
241.754059401481413 
263.661463764168559 
287.231911216855110 
312.569276226104819 
339.782557696128492 
368.986058892808785 
400.299567192888787 
433.848530193088152 
469.764222299408914 
508.183891811405715 
549.250871370406344 
593.114621765983657 
639.930655194000906 
689.860236898351445 
743.069644260351652 
799.728483678227690 
860.005730234015004 
924.059201597570109 
991.979254504163805 
0.758431352481403 
0.758431352490339 
0.758431353625208 
0.758431372024378 
0.758431498888399 
0.758432050604373 
0.758433853982362 
0.758438711641715 
0.758450092587238 
0.758474093021478 
0.758520712456765 
0.758605490231484 
0.758751547622328 
0.758992080915692 
0.759373351116346 
0.759958216518871 
0.760830255273640 
0.762098526518274 
0.763903020845065 
0.766420854119194 
0.769873263284022 
0.774533469142571 
0.780735479506687 
0.788883916735896 
0.799464966418298 
0.813058558096843 
0.830351902968029 
0.852332961095309 
0.880015795309243 
0.914355770015829 
0.956650881085117 
1.008399915575640 
1.071652463205047 
1.148188832027858 
1.240307707192902 
1.351244483531620 
1.483394001665574 
1.641547750352310 
1.828554043473232 
2.049149808084584 
2.308548531894060 
2.612003615573477 
2.965849137139708 
3.377234253717869 
3.853458373863019 
4.402560312865752 
5.033592203990716 
5.756461460038994 
6.582013568033606 
7.522059579525790 
8.589377271220620 
9.797652899231284 
11.161756584846136 
12.697659775992960 
14.422599325225084 
16.355114721907487 
18.515277230368454 
20.924636334822978 
23.606017752868386 
26.583870107968785 
29.884325623048724 
33.535395150357445 
37.567052791094568 
42.011296079562761 
46.902254494131206 
52.276301951459722 
58.172163870788751 
64.631027739886562 
71.696657815176977 
79.415514054161733 
87.836875397738652 
97.012967432875300 
106.999094347762963 
117.853774987964655 
129.638882761321042 
142.419789137209222 
156.265510541914523 
171.248858549509009 
187.446593378577376 
204.939580799168596 
223.812952607197019 
244.156270820484224 
266.063695684354172 
289.634157437808483 
314.971531566631825 
342.184816917805506 
371.388315493110781 
402.701811840560481 
436.250748481428786 
472.166391334131276 
510.585974884568145 
551.652809517588253 
595.516320193117508 
642.331961080628162 
692.260902093724212 
745.469258094352199 
802.126342938391190 
862.400556921563521 
926.448422292181931 
994.354879411680258 
0.000000000000000 
0.000000000000000 
0.000000000000000 
0.000000000000000 
0.000000000000000 
0.000000000000000 
0.000000000000000 
0.000000000000000 
0.000000000000000 
0.000000000000000 
0.000000000000000 
0.000000000000000 
0.000000000000000 
0.000000000000000 
0.000000000000000 
0.000000000000000 
0.000000000000000 
0.000000000000000 
0.000000000000000 
0.000000000000000 
0.000000000000000 
0.000000000000000 
0.000000000000000 
0.000000000000000 
0.000000000000000 
0.000000000000000 
0.000000000000000 
0.000000000000000 
0.000000000000000 
0.000000000000000 
0.000000000000000 
0.000000000000000 
0.020542210783045 
0.056669841236278 
0.101352247570684 
0.156694326939567 
0.227589093113913 
0.319684661623668 
0.446555881074523 
0.605645630992718 
0.802335459650335 
1.044343160214421 
1.344395865366868 
1.706354969823707 
2.138972244013568 
2.654692521197624 
3.259760166119203 
3.965172415350368 
4.782117048672730 
5.721442776404801 
6.794879589052870 
8.015449965207658 
9.397359455940469 
10.956137301639959 
12.708985705670777 
14.674191628666204 
16.871265522025290 
19.321424276020206 
22.047551028386888 
25.074270705022499 
28.428025830859838 
32.137159266931107 
36.232005935023970 
40.744982022401352 
45.710681858030078 
51.165983111478468 
57.150154981174843 
63.704970154274065 
70.874821346781943 
78.706842334912977 
87.251033285638925 
96.560390132925590 
106.691037725129021 
117.702366499074543 
129.657172507984427 
142.621800717455926 
156.666291552295405 
171.864530693602262 
188.294402060015585 
206.037943728857442 
225.181505566355582 
245.815909347197106 
268.036607714304012 
291.943838479326473 
317.642770999703998 
345.243635903625886 
374.861823055990328 
406.617930962543937 
440.637734206702021 
477.052018930251847 
515.996204232268383 
557.609610210252185 
602.034122706568041 
649.411772333714566 
699.880205858349541 
753.563588175270183 
810.552192153535088 
870.847984153770540 
934.179870015376537 
999.278052769915689 
0.631714885161288 
0.631714885170547 
0.631714886346461 
0.631714905411087 
0.631715036863486 
0.631715608533754 
0.631717477135799 
0.631722510485858 
0.631734303056394 
0.631759171543512 
0.631807477149000 
0.631895321332362 
0.632046661903935 
0.632295896557489 
0.632690961358145 
0.633296992425757 
0.634200600250956 
0.635514807975295 
0.637384707847118 
0.639993894278690 
0.643571737859989 
0.648401572687437 
0.654829879660203 
0.663276560873173 
0.674246414173943 
0.688341930645094 
0.706465150802102 
0.729345635191134 
0.757957428763718 
0.793463179885611 
0.837212375629351 
0.891169712124964 
0.956825493727181 
1.036396156944881 
1.132816306806228 
1.248301630298093 
1.386848087409369 
1.551418430716526 
1.746045054215472 
1.975922858220948 
2.245719263798380 
2.561181565589215 
2.928648263187271 
3.355302732366611 
3.848433386325858 
4.416263888158070 
5.067956751757132 
5.813504951272336 
6.663751684601589 
7.630455821423054 
8.726367451280272 
9.965302830545230 
11.362206047837159 
12.933223117228064 
14.695765133090674 
16.668530600280992 
18.871597760384180 
21.326527980564858 
24.056470868305496 
27.086255663197118 
30.442477994712757 
34.153603054282662 
38.250058782695675 
42.764331153803646 
47.731071171219675 
53.187202785979821 
59.172032676451451 
65.727364336881763 
72.897616201547322 
80.729943791279169 
89.274365791433681 
98.583893904636980 
108.714666295698180 
119.726084464962383 
131.680953438243051 
144.645625222761851 
158.690145520176571 
173.888403680374722 
190.318285794890585 
208.061830635349679 
227.205387812518893 
247.839777081283103 
270.060446654133500 
293.967627324301247 
319.666477520320598 
347.267210530811042 
376.885190284276803 
408.640976374496063 
442.660285244912870 
479.073816161187779 
518.016857659738776 
559.628530894905680 
604.050410952727930 
651.424022206969653 
701.886124955529681 
755.559167664283564 
812.529509264707485 
872.787371955089839 
936.001826326455785 
1000.000000000000000 
0.000000000000000 
0.000000000000000 
0.000000000000000 
0.000000000000000 
0.000000000000000 
0.000000000000000 
0.000000000000000 
0.000000000000000 
0.000000000000000 
0.000000000000000 
0.000000000000000 
0.000000000000000 
0.000000000000000 
0.000000000000000 
0.000000000000000 
0.000000000000000 
0.000000000000000 
0.000000000000000 
0.000000000000000 
0.000000000000000 
0.000000000000000 
0.000000000000000 
0.000000000000000 
0.000000000000000 
0.000000000000000 
0.000000000000000 
0.000000000000000 
0.000000000000000 
0.000000000000000 
0.000000000000000 
0.000000000000000 
0.000000000000000 
0.009083916255938 
0.044525712555413 
0.088255902978260 
0.142157944694571 
0.209723120165172 
0.296347932841345 
0.413515854371204 
0.567159264384126 
0.756607124057731 
0.988987412933996 
1.275806283953577 
1.626843650522632 
2.046031659702998 
2.545947739936509 
3.137128786723505 
3.826946734506142 
4.627516269200255 
5.550482242973449 
6.607821671303112 
7.812173457970115 
9.177653128120618 
10.719594715701982 
12.454738398170015 
14.401361974515785 
16.579492091468062 
19.010021236545676 
21.715618151244875 
24.720698777262392 
28.051495674441682 
31.736124909982593 
35.804698455080285 
40.289407875619148 
45.224612336925887 
50.646947720955431 
56.595434265303695 
63.111585276842675 
70.239521035290878 
78.026087752204205 
86.520981373261165 
95.776875956595759 
105.849556293942769 
116.798054420007134 
128.684789700345789 
141.575712290273799 
155.540449888593542 
170.652457834633282 
186.989172683263945 
204.632169419009074 
223.667322426390058 
244.184970212768974 
266.280083668813973 
290.052437316211069 
315.606782460727004 
343.053020308284090 
372.506371679751737 
404.087537574256203 
437.922840770607877 
474.144331614572707 
512.889828559140710 
554.302840516821561 
598.532263206257312 
645.731620112140490 
696.057609520524920 
749.666480381972633 
806.705449441643054 
867.287942057103237 
931.402281714282481 
998.236299507773992 
0.657403404360891 
0.657403404369997 
0.657403405526381 
0.657403424274372 
0.657403553543545 
0.657404115719233 
0.657405953286623 
0.657410903040371 
0.657422499754333 
0.657446955214521 
0.657494458541423 
0.657580843782205 
0.657729670869343 
0.657974766270091 
0.658363270069770 
0.658959236958293 
0.659847839790381 
0.661140226291879 
0.662979082379333 
0.665544959802374 
0.669063431802910 
0.673813148592057 
0.680134874933354 
0.688441604945341 
0.699336223770841 
0.713362338421942 
0.731208036559747 
0.753710175811284 
0.781849691651127 
0.816770731227218 
0.859966308029659 
0.913088379994379 
0.977701894163988 
1.056185304756732 
1.150993806736900 
1.264817153255953 
1.401314975247765 
1.563618084238061 
1.755502767075185 
1.982261953826000 
2.248421842934072 
2.559731293823756 
2.922584699482834 
3.344018484918317 
3.831232947758886 
4.392501526526140 
5.036884152645863 
5.774328117491250 
6.615691942289923 
7.572716966397236 
8.658117168487049 
9.885645242558244 
11.270190679197063 
12.827829058974457 
14.575910253902546 
16.533139083156097 
18.719624005603219 
21.156836625808232 
23.867801256022382 
26.877215710890681 
30.211500678275563 
33.898946937651019 
37.969805231126813 
42.456361288262968 
47.393054274428167 
52.816587300576892 
58.766033600008122 
65.282948904504295 
72.411488094587369 
80.198526124881624 
88.693783197722667 
97.949954054995899 
108.022841175492061 
118.971491636051567 
130.858337426699904 
143.749339090471750 
157.714132662089384 
172.826179975840631 
189.162922475264537 
206.805938667456161 
225.841105312299817 
246.358762312695944 
268.453881058389982 
292.226235634496788 
317.780575759584565 
345.226799428366576 
374.680121759347003 
406.261234070356522 
440.096442984202326 
476.317772030823335 
515.062995057062039 
556.475546027369887 
600.704200320634982 
647.902318960649609 
698.226201994234771 
751.831320638245757 
808.862991318078912 
869.428500876223779 
933.482413218067904 
1000.000000000000000 
0.000000000000000 
0.000000000000000 
0.000000000000000 
0.000000000000000 
0.000000000000000 
0.000000000000000 
0.000000000000000 
0.000000000000000 
0.000000000000000 
0.000000000000000 
0.000000000000000 
0.000000000000000 
0.000000000000000 
0.000000000000000 
0.000000000000000 
0.000000000000000 
0.000000000000000 
0.000000000000000 
0.000000000000000 
0.000000000000000 
0.000000000000000 
0.000000000000000 
0.000000000000000 
0.000000000000000 
0.000000000000000 
0.000000000000000 
0.000000000000000 
0.000000000000000 
0.000000000000000 
0.000000000000000 
0.000000000000000 
0.000000000000000 
0.000000000000000 
0.034338160218545 
0.077392001242809 
0.130354062045828 
0.195818924545839 
0.279706876747540 
0.387046881304145 
0.537310389859224 
0.721015902807301 
0.947247483371679 
1.222690400947937 
1.565082694018995 
1.975223134261705 
2.461802645821499 
3.041880737617178 
3.719874060292266 
4.508054331492121 
5.417672547112650 
6.462301499282258 
7.653858537060052 
9.006585090655102 
10.535570631901725 
12.257455761828934 
14.190277492845251 
16.353646390184423 
18.769140127960874 
21.459221748731409 
24.448153550020820 
27.762050490414573 
31.428834314531123 
35.478446196809827 
39.942919640634855 
44.856430475394362 
50.255433036071906 
56.178770489086531 
62.667775428894075 
69.766379863182593 
77.521231779465523 
85.981817272494936 
95.200587756299640 
105.233091869309561 
116.138111666443180 
127.977802697658632 
140.817837634959261 
154.727553226986345 
169.780100506069999 
186.052598310329131 
203.626290279663920 
222.586705517685857 
243.023823073185554 
265.032240282461146 
288.711344820694535 
314.165490011648330 
341.504172482460547 
370.842210514188366 
402.299920236006301 
436.003284809926413 
472.084108375583924 
510.680140723475688 
551.935148431601078 
595.998889416069346 
643.026912341866591 
693.180030357798387 
746.623121283087812 
803.522453892698081 
864.039290271865184 
928.312173199055223 
996.352542431172424 
0.684472357474120 
0.684472357483125 
0.684472358626756 
0.684472377167980 
0.684472505011479 
0.684473060987085 
0.684474878288443 
0.684479773452704 
0.684491242269661 
0.684515428017222 
0.684562407442809 
0.684647839964103 
0.684795025677246 
0.685037417985967 
0.685421637079058 
0.686011031202209 
0.686889833858683 
0.688167966956287 
0.689986542786471 
0.692548792228052 
0.696066755862828 
0.700815626095770 
0.707135944005705 
0.715440343324074 
0.726224781082427 
0.740081051639756 
0.757710715015647 
0.779940577422043 
0.807739857659781 
0.842254029288082 
0.885188019296642 
0.937734165438438 
1.001649631504758 
1.079379361388830 
1.172990066114426 
1.285750604586058 
1.420776061089031 
1.581520275581495 
1.771524568206995 
1.996035912125025 
2.259624641893262 
2.567961599643093 
2.927502437609634 
3.345192119201449 
3.828142375379779 
4.384687095406075 
5.023815703739002 
5.755394707010253 
6.590271413985148 
7.540194780042096 
8.617891179635649 
9.837055181898709 
11.212548428493115 
12.760393282226346 
14.497883653969470 
16.443649310668469 
18.617763784028661 
21.041847437067656 
23.738846978497932 
26.733451064930094 
30.051894844123460 
33.722338464306517 
37.774944908525846 
42.241837748831927 
47.157294760393206 
52.557867953886117 
58.482472170382309 
64.972495131674179 
72.071912658813929 
79.827408455123660 
88.288498362931861 
97.507658996728480 
107.540460568931749 
118.445703652542448 
130.285559604347526 
143.125714413755816 
157.035515835215250 
172.088123779875730 
188.360664051739917 
205.934385586256724 
224.894821366744907 
245.331953148061217 
267.340380003284849 
291.019490517361305 
316.473638152987974 
343.812318847325855 
373.150349150286161 
404.608041989608807 
438.311375107531546 
474.392143770169753 
512.988083435064368 
554.242937620525936 
598.306427037179446 
645.334039785706409 
695.486488516821851 
748.928476514505178 
805.825950275683226 
866.339515234338592 
930.606156725669393 
998.630095501294363 
0.000000000000000 
0.000000000000000 
0.000000000000000 
0.000000000000000 
0.000000000000000 
0.000000000000000 
0.000000000000000 
0.000000000000000 
0.000000000000000 
0.000000000000000 
0.000000000000000 
0.000000000000000 
0.000000000000000 
0.000000000000000 
0.000000000000000 
0.000000000000000 
0.000000000000000 
0.000000000000000 
0.000000000000000 
0.000000000000000 
0.000000000000000 
0.000000000000000 
0.000000000000000 
0.000000000000000 
0.000000000000000 
0.000000000000000 
0.000000000000000 
0.000000000000000 
0.000000000000000 
0.000000000000000 
0.000000000000000 
0.000000000000000 
0.000000000000000 
0.025491536882668 
0.068036602328526 
0.120290835391142 
0.184451150707928 
0.265869943072038 
0.368460287959528 
0.512492500818929 
0.692031218734583 
0.913203223526783 
1.182484565237307 
1.515043213962538 
1.917696887259740 
2.396264858178356 
2.964623643218764 
3.633670704609371 
4.411587637679188 
5.311334597493535 
6.344764234260881 
7.526192646460744 
8.868593095545183 
10.387352199851533 
12.098861523371809 
14.021083185988733 
16.173471067177793 
18.577223440999653 
21.255484564287265 
24.232327945730457 
27.533601715487343 
31.187096701749045 
35.222628910285991 
39.672114062403203 
44.569634302221459 
49.951538408694503 
55.856548811120916 
62.325868782807603 
69.403293959403470 
77.135328852925554 
85.571308391874140 
94.763524392143864 
104.767356765711440 
115.641409179001698 
127.447648813288623 
140.251549880716141 
154.122240616832158 
169.132653587909260 
185.359679287394698 
202.884323115109567 
221.791865906278247 
242.172028188069277 
264.119138282309109 
287.732304240076644 
313.115589374235299 
340.378190815324729 
369.634619983429559 
401.004883013603035 
434.614657769276846 
470.595461736526090 
509.084801119642862 
550.226284567312860 
594.169672603037498 
641.070811056896332 
691.091352246061888 
744.398055282216774 
801.161199607890239 
861.550885931515950 
925.727366931395636 
993.790481129627096 
0.712130364577076 
0.712130364586095 
0.712130365731532 
0.712130384302053 
0.712130512347548 
0.712131069201611 
0.712132889374338 
0.712137792272893 
0.712149279209571 
0.712173503164538 
0.712220556790516 
0.712306124194151 
0.712453542130023 
0.712696316442203 
0.713081139953688 
0.713671458638628 
0.714551633962351 
0.715831750939178 
0.717653123997752 
0.720194556477389 
0.723679414872277 
0.728383586164174 
0.734644396035561 
0.742870577516947 
0.753553393344727 
0.767279029901667 
0.784742393876195 
0.806762451011626 
0.834299244115227 
0.868790255610442 
0.911375296158391 
0.963495229719492 
1.026950562490106 
1.104132818554160 
1.196947657907386 
1.309034067622978 
1.442858172602572 
1.602491971959618 
1.791183888890365 
2.014017688832314 
2.275775982603551 
2.581959162856450 
2.938970244401047 
3.353888339329023 
3.833748658093791 
4.386765483370742 
5.021986819847040 
5.749246785807622 
6.579304491325151 
7.523926100858314 
8.595825147860495 
9.808736447082405 
11.177458015098441 
12.717996142303276 
14.447608536118903 
16.384888939237154 
18.549900263881224 
20.964306419877829 
23.651164173578366 
26.634863923736638 
29.941629569746311 
33.599553345278196 
37.638688451805137 
42.091106952269058 
46.991012931375749 
52.374856461733465 
58.281440816867317 
64.752033791233302 
71.830483100491278 
79.563335917829605 
87.999962670858991 
97.192685148683665 
107.196908852400270 
118.071259414800721 
129.877722848973548 
142.681789378738074 
156.552600656900580 
171.563100273374459 
187.790187565746464 
205.314874839293509 
224.222448157170390 
244.602631859776181 
266.549756908065206 
290.162933012055419 
315.546224286904362 
342.808827836937951 
372.065254128632546 
403.435507143555810 
437.045260871709388 
473.026026317282628 
511.515299136516830 
552.656670994737397 
596.599875108663468 
643.500713170151130 
693.520765223839021 
746.826667792851367 
803.588481310560155 
863.975880810031413 
928.148173007371952 
996.201372173810114 
